PR/RT-94	01_AE.JP.2010.C10-20953312-1.AB864308.-	87.55	980	120	2	10	988	1	979	0.0	1175
PR/RT-94	01_AE.CA.-.6343.DQ380549.-	87.14	980	124	2	10	988	1	979	0.0	1149
PR/RT-94	01_AE.TH.-.045133.AF191195.-	86.94	980	126	2	10	988	1	979	0.0	1134
PR/RT-94	01_AE.JP.2008.C08-2066416-1.AB864131.-	86.91	978	126	2	10	986	1	977	0.0	1133
PR/RT-94	01_AE.TH.-.P45.AF345963.-	86.84	980	127	2	10	988	1	979	0.0	1129
PR/RT-94	01_AE.JP.2007.C07-2066338-1.AB864079.-	86.85	981	125	4	10	988	1	979	0.0	1129
PR/RT-94	01_AE.TH.-.P11.AF345957.-	86.84	980	127	2	10	988	1	979	0.0	1129
PR/RT-94	01_AE.TH.-.G36.AF238245.-	86.72	979	130	0	10	988	1	979	0.0	1122
PR/RT-94	01_AE.CN.-.SZDR73.EU854463.-	86.65	981	127	4	10	988	1	979	0.0	1118
PR/RT-94	01_AE.TH.-.045127.AF191193.-	86.63	980	129	2	10	988	1	979	0.0	1118
PR/RT-94	01_AE.TH.-.GEN16.AF191200.-	86.63	980	129	2	10	988	1	979	0.0	1118
PR/RT-94	01_AE.VN.1997.97VNHCM343.FJ185243.-	86.63	980	129	2	10	988	1	979	0.0	1118
PR/RT-94	01_AE.TH.1996.M114.DQ354117.F	86.63	980	129	2	10	988	1	979	0.0	1118
PR/RT-94	01_AE.TH.-.P35.AF345962.-	86.63	980	129	2	10	988	1	979	0.0	1116
PR/RT-94	01_AE.TH.1999.99TH_R3265.AY945732.F	86.53	980	130	2	10	988	1	979	0.0	1114
PR/RT-94	01_AE.SG.2003.BAA161412.AY870222.-	86.43	980	131	2	10	988	1	979	0.0	1114
PR/RT-94	01_AE.SG.2003.BAA161376.AY870192.-	86.12	980	134	2	10	988	1	979	0.0	1112
PR/RT-94	01_AE.TH.-.G33.AF238242.-	86.53	980	130	2	10	988	1	979	0.0	1112
PR/RT-94	01_AE.TH.-.G69.AF240393.-	86.53	980	130	2	10	988	1	979	0.0	1112
PR/RT-94	01_AE.TH.2000.OUR724I.AY358060.F	86.53	980	130	2	10	988	1	979	0.0	1112
PR/RT-94	01_AE.TH.2000.00TH_C2257.AY945717.F	86.54	981	128	4	10	988	1	979	0.0	1112
PR/RT-94	01_AE.TH.-.VL510.AF280792.-	86.52	979	132	0	10	988	1	979	0.0	1110
PR/RT-94	01_AE.TH.2001.OUR788I.AY358068.M	86.53	980	130	2	10	988	1	979	0.0	1110
PR/RT-94	01_AE.JP.2006.C06-2066315-1.AB864045.-	86.53	980	130	2	10	988	1	979	0.0	1110
PR/RT-94	01_AE.KR.2006.BJH_003.EF157859.-	86.43	980	131	2	10	988	1	979	0.0	1110
PR/RT-94	01_AE.JP.-.DR6824.AB253426.-	86.43	980	131	2	10	988	1	979	0.0	1107
PR/RT-94	01_AE.SG.2003.BAA157678.AY870183.-	86.43	980	131	2	10	988	1	979	0.0	1107
PR/RT-94	01_AE.JP.2010.C10-20673203-1.AB864284.-	86.43	980	131	2	10	988	1	979	0.0	1107
PR/RT-94	01_AE.TH.-.G21.AF280772.-	86.44	981	129	4	10	988	1	979	0.0	1107
PR/RT-94	01_AE.SE.2001.01SE_21951.AY165265.-	86.02	980	135	2	10	988	1	979	0.0	1107
PR/RT-94	01_AE.TH.-.THG20.AF193889.-	86.44	981	129	4	10	988	1	979	0.0	1107
PR/RT-94	01_AE.TH.-.045098.AF187037.-	86.43	980	131	2	10	988	1	979	0.0	1107
PR/RT-94	01_AE.TH.2001.01TH_C1436.AY945713.M	86.43	980	131	2	10	988	1	979	0.0	1107
PR/RT-94	01_AE.CN.2005.Fj052.EF036528.M	86.43	980	131	2	10	988	1	979	0.0	1107
PR/RT-94	01_AE.VN.1997.97VNHCM303.FJ185239.-	86.43	980	131	2	10	988	1	979	0.0	1107
PR/RT-94	01_AE.PH.2011.11063901.AB747479.-	86.41	979	133	0	10	988	1	979	0.0	1107
PR/RT-94	01_AE.PH.2012.12031759.AB747505.-	86.41	979	133	0	10	988	1	979	0.0	1107
PR/RT-94	01_AE.JP.2007.C07-20672254-1.AB864074.-	86.43	980	131	2	10	988	1	979	0.0	1107
PR/RT-94	01_AE.VN.1997.97VNAG210.FJ185251.-	86.43	980	131	2	10	988	1	979	0.0	1105
PR/RT-94	01_AE.SG.2003.BAA161377.AY870193.-	86.30	978	132	2	10	986	1	977	0.0	1105
PR/RT-94	01_AE.TH.2001.OUR786I.AY358036.M	86.44	981	129	4	10	988	1	979	0.0	1105
PR/RT-94	01_AE.SG.2003.BAA161372.AY870190.-	86.01	979	137	0	10	988	1	979	0.0	1105
PR/RT-94	01_AE.SG.2003.BAA148363.AY870148.-	85.80	979	139	0	10	988	1	979	0.0	1103
PR/RT-94	01_AE.PH.2012.12031860.AB747512.M	86.33	980	132	2	10	988	1	979	0.0	1101
PR/RT-94	01_AE.TH.1999.99TH_NI1052.AY713423.-	86.33	980	132	2	10	988	1	979	0.0	1101
PR/RT-94	01_AE.SE.2000.00SE_19382.AY165184.-	86.22	980	133	2	10	988	1	979	0.0	1101
PR/RT-94	01_AE.SG.2003.BAA161420.AY870227.-	86.33	980	132	2	10	988	1	979	0.0	1101
PR/RT-94	01_AE.TH.2000.00TH_C2101.AY945716.F	86.31	979	134	0	10	988	1	979	0.0	1101
PR/RT-94	01_AE.TH.-.G45.AF238251.-	86.34	981	130	4	10	988	1	979	0.0	1101
PR/RT-94	01_AE.TH.1998.98TH_R1166.AY945728.F	86.33	980	132	2	10	988	1	979	0.0	1101
PR/RT-94	01_AE.SG.2007.S07017.EU715191.-	86.33	980	132	2	10	988	1	979	0.0	1101
PR/RT-94	01_AE.CN.2006.06CN_YUN01_03.AM886180.M	86.33	980	132	2	10	988	1	979	0.0	1101
PR/RT-94	01_AE.VN.1997.97VNAG212.FJ185252.-	86.33	980	132	2	10	988	1	979	0.0	1101
PR/RT-94	01_AE.PH.2012.12032090.AB747541.-	86.33	980	132	2	10	988	1	979	0.0	1101
PR/RT-94	01_AE.TH.-.G64.AF240389.-	86.33	980	132	2	10	988	1	979	0.0	1101
PR/RT-94	01_AE.TH.1996.96TH_NI1149.AY713426.M	86.33	980	132	2	10	988	1	979	0.0	1101
PR/RT-94	01_AE.VN.1997.97VNHCM310.FJ185240.-	86.33	980	132	2	10	988	1	979	0.0	1101
PR/RT-94	01_AE.TH.2000.OUR810I.AY358063.M	86.33	980	132	2	10	988	1	979	0.0	1101
PR/RT-94	01_AE.TH.-.P96.AF345969.-	86.33	980	132	2	10	988	1	979	0.0	1101
PR/RT-94	01_AE.TH.2001.OUR674I.AY358038.M	86.34	981	130	4	10	988	1	979	0.0	1099
PR/RT-94	01_AE.PH.2012.12031810.AB747510.-	86.33	980	132	2	10	988	1	979	0.0	1098
PR/RT-94	01_AE.SG.2003.BAA161393.AY870207.-	86.12	980	134	2	10	988	1	979	0.0	1098
PR/RT-94	01_AE.CN.2005.FJ053.DQ859179.F	86.30	978	132	2	10	986	1	977	0.0	1098
PR/RT-94	01_AE.SG.2003.BAA161449.AY870242.-	85.92	980	136	2	10	988	1	979	0.0	1098
PR/RT-94	01_AE.TH.1994.POC30506.AF447817.M	86.22	980	133	2	10	988	1	979	0.0	1098
PR/RT-94	01_AE.CZ.-.97350PL1.DQ975127.-	85.60	979	141	0	10	988	1	979	0.0	1098
PR/RT-94	01_AE.CN.2006.06CN_YUN01_02.AM886179.F	86.22	980	133	2	10	988	1	979	0.0	1096
PR/RT-94	01_AE.PH.2011.11117092.AB747497.-	86.22	980	133	2	10	988	1	979	0.0	1096
PR/RT-94	01_AE.PH.2012.12031859.AB747511.-	86.21	979	135	0	10	988	1	979	0.0	1096
PR/RT-94	01_AE.TH.2004.BKM.DQ314732.-	86.22	980	133	2	10	988	1	979	0.0	1096
PR/RT-94	01_AE.PH.2011.11042829.AB747470.-	86.22	980	133	2	10	988	1	979	0.0	1096
PR/RT-94	01_AE.TH.2000.OUR595I.AY358052.M	86.22	980	133	2	10	988	1	979	0.0	1096
PR/RT-94	01_AE.JP.2006.C06-2066280-1.AB864018.-	85.90	979	138	0	10	988	1	979	0.0	1096
PR/RT-94	01_AE.CN.2008.GZ0801.FJ752417.M	86.24	981	131	4	10	988	1	979	0.0	1096
PR/RT-94	01_AE.PH.2011.11117492.AB747499.-	86.22	980	133	2	10	988	1	979	0.0	1096
PR/RT-94	01_AE.SG.-.S07042.EU715193.-	86.22	980	133	2	10	988	1	979	0.0	1096
PR/RT-94	01_AE.PH.2011.11084876.AB747448.-	86.22	980	133	2	10	988	1	979	0.0	1096
PR/RT-94	01_AE.SG.2003.BAA161428.AY870230.-	86.02	980	135	2	10	988	1	979	0.0	1096
PR/RT-94	01_AE.TH.1991.CM243.AF447828.M	86.22	980	133	2	10	988	1	979	0.0	1094
PR/RT-94	01_AE.US.1998.98US_MSC2008.AY444805.M	86.21	979	135	0	10	988	1	979	0.0	1094
PR/RT-115	01_AE.JP.2010.C10-20953312-1.AB864308.-	88.40	1026	115	4	1	1024	1	1024	0.0	1253
PR/RT-115	01_AE.JP.2006.C06-2066290-1.AB864028.-	87.80	1025	123	2	1	1024	1	1024	0.0	1216
PR/RT-115	01_AE.CA.-.6343.DQ380549.-	87.71	1025	124	2	1	1024	1	1024	0.0	1214
PR/RT-115	01_AE.TH.2000.00TH_C2257.AY945717.F	87.79	1024	125	0	1	1024	1	1024	0.0	1214
PR/RT-115	01_AE.JP.2007.C07-2066338-1.AB864079.-	87.79	1024	125	0	1	1024	1	1024	0.0	1214
PR/RT-115	01_AE.JP.2006.C06-2066315-1.AB864045.-	87.70	1024	126	0	1	1024	1	1024	0.0	1208
PR/RT-115	01_AE.CN.2004.04CNLN62.EF122535.-	87.60	1024	127	0	1	1024	1	1024	0.0	1203
PR/RT-115	01_AE.US.2000.00US_MSC1164.AY444804.M	87.60	1024	127	0	1	1024	1	1024	0.0	1203
PR/RT-115	01_AE.JP.2007.C07-2066336-1.AB864078.-	87.60	1024	127	0	1	1024	1	1024	0.0	1201
PR/RT-115	01_AE.JP.2012.C12-0007_10629262-1.AB863981.-	87.50	1024	128	0	1	1024	1	1024	0.0	1197
PR/RT-115	01_AE.JP.2007.C07-20672254-1.AB864074.-	87.50	1024	128	0	1	1024	1	1024	0.0	1197
PR/RT-115	01_AE.CN.2007.07LN184.FJ531435.-	87.40	1024	129	0	1	1024	1	1024	0.0	1194
PR/RT-115	01_AE.TH.-.G27.AF193895.-	87.41	1025	127	2	1	1024	1	1024	0.0	1192
PR/RT-115	01_AE.TH.1999.99TH_NI1052.AY713423.-	87.40	1024	129	0	1	1024	1	1024	0.0	1192
PR/RT-115	01_AE.TH.-.045133.AF191195.-	87.40	1024	129	0	1	1024	1	1024	0.0	1192
PR/RT-115	01_AE.TH.-.P146.AF345975.-	87.41	1025	127	2	1	1024	1	1024	0.0	1192
PR/RT-115	01_AE.TH.-.G36.AF238245.-	87.40	1024	129	0	1	1024	1	1024	0.0	1192
PR/RT-115	01_AE.TH.-.G69.AF240393.-	87.40	1024	129	0	1	1024	1	1024	0.0	1192
PR/RT-115	01_AE.CD.2002.02CD_KP180.AM040989.-	87.41	1025	127	2	1	1024	1	1024	0.0	1192
PR/RT-115	01_AE.TH.-.P35.AF345962.-	87.40	1024	129	0	1	1024	1	1024	0.0	1192
PR/RT-115	01_AE.TH.-.GEN16.AF191200.-	87.40	1024	129	0	1	1024	1	1024	0.0	1192
PR/RT-115	01_AE.CN.2006.06CNgh177.EF394230.-	87.40	1024	129	0	1	1024	1	1024	0.0	1192
PR/RT-115	01_AE.TH.-.G90.AF280787.-	87.40	1024	129	0	1	1024	1	1024	0.0	1192
PR/RT-115	01_AE.CM.2006.Cameroon_10.FJ688216.-	87.12	1025	130	2	1	1024	1	1024	0.0	1190
PR/RT-115	01_AE.JP.2008.C08-2066416-1.AB864131.-	87.30	1024	130	0	1	1024	1	1024	0.0	1188
PR/RT-115	01_AE.SG.2003.BAA150627.AY870159.-	87.11	1024	132	0	1	1024	1	1024	0.0	1188
PR/RT-115	01_AE.JP.2006.C06-2066282-1.AB864020.-	87.32	1025	128	2	1	1024	1	1024	0.0	1186
PR/RT-115	01_AE.CN.2006.06CN_YUN01_03.AM886180.M	87.30	1024	130	0	1	1024	1	1024	0.0	1186
PR/RT-115	01_AE.CN.2002.02CNLN36.EF122521.-	87.30	1024	130	0	1	1024	1	1024	0.0	1186
PR/RT-115	01_AE.TH.-.P31.AF345961.-	87.30	1024	130	0	1	1024	1	1024	0.0	1186
PR/RT-115	01_AE.VN.1997.97VNHCM343.FJ185243.-	87.30	1024	130	0	1	1024	1	1024	0.0	1186
PR/RT-115	01_AE.SG.2003.BAA161372.AY870190.-	86.91	1024	134	0	1	1024	1	1024	0.0	1186
PR/RT-115	01_AE.TH.-.GEN5WK1.AF191203.-	87.30	1024	130	0	1	1024	1	1024	0.0	1186
PR/RT-115	01_AE.SG.2003.BAA157667.AY870173.-	87.21	1024	131	0	1	1024	1	1024	0.0	1186
PR/RT-115	01_AE.JP.-.DR6824.AB253426.-	87.32	1025	128	2	1	1024	1	1024	0.0	1184
PR/RT-115	01_AE.JP.2006.C06-2066297-1.AB864032.-	87.01	1024	133	0	1	1024	1	1024	0.0	1184
PR/RT-115	01_AE.SG.2003.BAA148356.AY870142.-	87.21	1024	131	0	1	1024	1	1024	0.0	1182
PR/RT-115	01_AE.ID.1993.ID12.AF447824.-	87.21	1024	131	0	1	1024	1	1024	0.0	1182
PR/RT-115	01_AE.CN.-.SZDR131.EU854469.-	87.21	1024	131	0	1	1024	1	1024	0.0	1181
PR/RT-115	01_AE.CN.2005.Fj055.EF036527.M	87.21	1024	131	0	1	1024	1	1024	0.0	1181
PR/RT-115	01_AE.CN.2006.06CN_YUN01_02.AM886179.F	87.21	1024	131	0	1	1024	1	1024	0.0	1181
PR/RT-115	01_AE.PH.2011.11128476.AB747503.-	87.22	1025	129	2	1	1024	1	1024	0.0	1181
PR/RT-115	01_AE.TH.-.P123.AF345972.-	87.22	1025	129	2	1	1024	1	1024	0.0	1181
PR/RT-115	01_AE.TH.-.VL510.AF280792.-	87.21	1024	131	0	1	1024	1	1024	0.0	1181
PR/RT-115	01_AE.TH.2001.OUR647I.AY358056.M	87.22	1025	129	2	1	1024	1	1024	0.0	1181
PR/RT-115	01_AE.MM.1999.mCSW105.AB097872.F	87.22	1025	129	2	1	1024	1	1024	0.0	1181
PR/RT-115	01_AE.SG.2003.BAA161392.AY870206.-	87.11	1024	132	0	1	1024	1	1024	0.0	1181
PR/RT-115	01_AE.TH.1999.OUR164I.AY358045.M	87.22	1025	129	2	1	1024	1	1024	0.0	1181
PR/RT-115	01_AE.TH.2000.OUR724I.AY358060.F	87.21	1024	131	0	1	1024	1	1024	0.0	1181
PR/RT-115	01_AE.TH.-.045127.AF191193.-	87.21	1024	131	0	1	1024	1	1024	0.0	1181
PR/RT-115	01_AE.KR.2006.BJH_003.EF157859.-	86.91	1024	134	0	1	1024	1	1024	0.0	1179
PR/RT-115	01_AE.CA.-.patient_6240.DQ385889.-	86.82	1024	135	0	1	1024	1	1024	0.0	1177
PR/RT-115	01_AE.TH.-.P45.AF345963.-	87.24	1019	130	0	1	1019	1	1019	0.0	1177
PR/RT-115	01_AE.SG.2007.S07050.EU715223.-	87.11	1024	132	0	1	1024	1	1024	0.0	1175
PR/RT-115	01_AE.VN.1997.97VNAG204.FJ185247.-	87.11	1024	132	0	1	1024	1	1024	0.0	1175
PR/RT-115	01_AE.TH.-.G21.AF280772.-	87.11	1024	132	0	1	1024	1	1024	0.0	1175
PR/RT-115	01_AE.TH.-.THG20.AF193889.-	87.11	1024	132	0	1	1024	1	1024	0.0	1175
PR/RT-115	01_AE.SG.2003.BAA161446.AY870239.-	87.01	1024	133	0	1	1024	1	1024	0.0	1175
PR/RT-115	01_AE.TH.2000.00TH_C2101.AY945716.F	87.11	1024	132	0	1	1024	1	1024	0.0	1175
PR/RT-115	01_AE.JP.2007.C07-2066348-1.AB864085.-	87.11	1024	132	0	1	1024	1	1024	0.0	1175
PR/RT-115	01_AE.FR.1995.95FR_MP38.AJ287043.-	87.11	1024	132	0	1	1024	1	1024	0.0	1175
PR/RT-115	01_AE.CN.-.SZDR17.EU854454.-	87.12	1025	130	2	1	1024	1	1024	0.0	1175
PR/RT-115	01_AE.TH.-.G54.AF240381.-	87.11	1024	132	0	1	1024	1	1024	0.0	1175
PR/RT-115	01_AE.TH.-.CRF01_AE_Thai209.AY444227.-	86.91	1024	134	0	1	1024	1	1024	0.0	1175
PR/RT-115	01_AE.TH.1996.96TH_NI1149.AY713426.M	87.12	1025	130	2	1	1024	1	1024	0.0	1175
PR/RT-115	01_AE.TH.1993.93TH054.AB220945.-	87.11	1024	132	0	1	1024	1	1024	0.0	1175
PR/RT-115	01_AE.TH.2000.OUR810I.AY358063.M	87.11	1024	132	0	1	1024	1	1024	0.0	1175
PR/RT-115	01_AE.CN.2005.Fj056.EF036529.M	87.12	1025	130	2	1	1024	1	1024	0.0	1175
PR/RT-115	01_AE.SG.2003.BAA154777.AY870169.-	86.96	1020	131	2	1	1019	1	1019	0.0	1175
PR/RT-115	01_AE.TH.-.G61.AF240387.-	87.11	1024	132	0	1	1024	1	1024	0.0	1175
PR/RT-115	01_AE.SG.2003.BAA161381.AY870197.-	86.91	1024	134	0	1	1024	1	1024	0.0	1175
PR/RT-115	01_AE.TH.1993.93TH060.AB220946.-	87.11	1024	132	0	1	1024	1	1024	0.0	1175
PR/RT-115	01_AE.TH.-.045108.AF191189.-	87.11	1024	132	0	1	1024	1	1024	0.0	1175
PR/RT-115	01_AE.TH.2001.OUR786I.AY358036.M	87.11	1024	132	0	1	1024	1	1024	0.0	1175
PR/RT-115	01_AE.PH.2012.12031759.AB747505.-	87.11	1024	132	0	1	1024	1	1024	0.0	1175
PR/RT-115	01_AE.JP.2010.C10-20833345-1.AB864320.-	87.12	1025	130	2	1	1024	1	1024	0.0	1175
PR/RT-115	01_AE.TH.-.GEN5WK4.AF191204.-	87.11	1024	132	0	1	1024	1	1024	0.0	1175
PR/RT-115	01_AE.US.1998.98US_MSC2008.AY444805.M	87.13	1026	128	4	1	1024	1	1024	0.0	1175
PR/RT-115	01_AE.JP.2006.C06-2066296-1.AB864031.-	87.02	1025	131	2	1	1024	1	1024	0.0	1175
PR/RT-115	01_AE.TH.-.P11.AF345957.-	87.11	1024	132	0	1	1024	1	1024	0.0	1175
PR/RT-356	01_AE.JP.2010.C10-20953312-1.AB864308.-	88.08	1107	125	3	1	1106	1	1101	0.0	1338
PR/RT-356	01_AE.CA.-.6343.DQ380549.-	87.90	1107	127	3	1	1106	1	1101	0.0	1330
PR/RT-356	01_AE.TH.-.P35.AF345962.-	87.53	1107	131	3	1	1106	1	1101	0.0	1299
PR/RT-356	01_AE.JP.2006.C06-2066315-1.AB864045.-	87.53	1107	131	3	1	1106	1	1101	0.0	1299
PR/RT-356	01_AE.TH.-.GEN5WK1.AF191203.-	87.44	1107	132	3	1	1106	1	1101	0.0	1295
PR/RT-356	01_AE.TH.-.045133.AF191195.-	87.35	1107	133	3	1	1106	1	1101	0.0	1288
PR/RT-356	01_AE.TH.2001.OUR788I.AY358068.M	87.35	1107	133	3	1	1106	1	1101	0.0	1288
PR/RT-356	01_AE.TH.-.045127.AF191193.-	87.35	1107	133	3	1	1106	1	1101	0.0	1288
PR/RT-356	01_AE.BE.2003.2kt4QRmIN7aV8iv.EU248334.-	87.26	1107	134	3	1	1106	1	1101	0.0	1286
PR/RT-356	01_AE.TH.-.P45.AF345963.-	87.36	1108	131	5	1	1106	1	1101	0.0	1286
PR/RT-356	01_AE.TH.-.G36.AF238245.-	87.25	1106	136	1	1	1106	1	1101	0.0	1284
PR/RT-356	01_AE.TH.-.GEN5WK4.AF191204.-	87.26	1107	134	3	1	1106	1	1101	0.0	1284
PR/RT-356	01_AE.JP.2012.C12-0007_10629262-1.AB863981.-	87.26	1107	134	3	1	1106	1	1101	0.0	1282
PR/RT-356	01_AE.TH.-.VL510.AF280792.-	87.16	1106	137	1	1	1106	1	1101	0.0	1279
PR/RT-356	01_AE.TH.-.G27.AF193895.-	87.18	1108	133	5	1	1106	1	1101	0.0	1277
PR/RT-356	01_AE.CN.2004.04CNLN62.EF122535.-	87.17	1107	135	3	1	1106	1	1101	0.0	1277
PR/RT-356	01_AE.TH.2000.00TH_C2101.AY945716.F	87.16	1106	137	1	1	1106	1	1101	0.0	1277
PR/RT-356	01_AE.CD.2002.02CD_KP180.AM040989.-	87.18	1108	133	5	1	1106	1	1101	0.0	1277
PR/RT-356	01_AE.CN.2002.02CNLN36.EF122521.-	87.17	1107	135	3	1	1106	1	1101	0.0	1277
PR/RT-356	01_AE.TH.-.GEN16.AF191200.-	87.17	1107	135	3	1	1106	1	1101	0.0	1277
PR/RT-356	01_AE.TH.1994.POC30506.AF447817.M	87.18	1108	133	5	1	1106	1	1101	0.0	1277
PR/RT-356	01_AE.TH.1999.99TH_NI1052.AY713423.-	87.17	1107	135	3	1	1106	1	1101	0.0	1275
PR/RT-356	01_AE.TH.-.P123.AF345972.-	87.08	1107	136	3	1	1106	1	1101	0.0	1273
PR/RT-356	01_AE.JP.2007.C07-2066348-1.AB864085.-	87.07	1106	138	1	1	1106	1	1101	0.0	1273
PR/RT-356	01_AE.TH.-.G61.AF240387.-	87.08	1107	136	3	1	1106	1	1101	0.0	1273
PR/RT-356	01_AE.ID.1993.ID12.AF447824.-	87.08	1107	136	3	1	1106	1	1101	0.0	1273
PR/RT-356	01_AE.TH.1996.M114.DQ354117.F	87.08	1107	136	3	1	1106	1	1101	0.0	1273
PR/RT-356	01_AE.SG.2003.BAA161372.AY870190.-	86.71	1106	142	1	1	1106	1	1101	0.0	1273
PR/RT-356	01_AE.JP.2007.C07-2066338-1.AB864079.-	87.09	1108	134	6	1	1106	1	1101	0.0	1273
PR/RT-356	01_AE.CN.2006.06CN_YUN01_02.AM886179.F	87.09	1108	134	5	1	1106	1	1101	0.0	1271
PR/RT-356	01_AE.JP.-.DR6824.AB253426.-	87.09	1108	134	5	1	1106	1	1101	0.0	1271
PR/RT-356	01_AE.CN.2006.06CN_YUN01_03.AM886180.M	87.09	1108	134	5	1	1106	1	1101	0.0	1271
PR/RT-356	01_AE.US.2000.00US_MSC1164.AY444804.M	87.07	1106	138	1	1	1106	1	1101	0.0	1271
PR/RT-356	01_AE.TH.1993.93TH062.AB220947.-	87.08	1107	136	3	1	1106	1	1101	0.0	1271
PR/RT-356	01_AE.TH.2000.OUR810I.AY358063.M	87.08	1107	136	3	1	1106	1	1101	0.0	1271
PR/RT-356	01_AE.TH.-.045112.AF191190.-	87.08	1107	136	3	1	1106	1	1101	0.0	1271
PR/RT-356	01_AE.TH.1993.93TH060.AB220946.-	87.08	1107	136	3	1	1106	1	1101	0.0	1271
PR/RT-356	01_AE.SG.2003.BAA161392.AY870206.-	86.90	1107	138	3	1	1106	1	1101	0.0	1269
PR/RT-356	01_AE.VN.1997.97VNAG212.FJ185252.-	87.09	1108	134	5	1	1106	1	1101	0.0	1269
PR/RT-356	01_AE.JP.2006.C06-2066296-1.AB864031.-	86.90	1107	138	3	1	1106	1	1101	0.0	1269
PR/RT-356	01_AE.TH.-.P11.AF345957.-	87.09	1108	134	5	1	1106	1	1101	0.0	1269
PR/RT-356	01_AE.JP.2012.C12-20933733-1.AB864456.-	86.98	1106	139	2	1	1106	1	1101	0.0	1267
PR/RT-356	01_AE.MM.1999.mCSW105.AB097872.F	86.99	1107	137	3	1	1106	1	1101	0.0	1267
PR/RT-356	01_AE.TH.1999.OUR164I.AY358045.M	87.00	1108	135	5	1	1106	1	1101	0.0	1267
PR/RT-356	01_AE.SG.2003.BAA161413.AY870223.-	86.91	1108	136	5	1	1106	1	1101	0.0	1267
PR/RT-356	01_AE.TH.-.P31.AF345961.-	87.07	1106	136	3	1	1105	1	1100	0.0	1267
PR/RT-356	01_AE.CN.2006.06CNgh177.EF394230.-	86.99	1107	137	3	1	1106	1	1101	0.0	1267
PR/RT-356	01_AE.SG.2003.BAA161381.AY870197.-	86.81	1107	139	3	1	1106	1	1101	0.0	1267
PR/RT-356	01_AE.VN.1997.97VNAG214.FJ185253.-	86.99	1107	137	3	1	1106	1	1101	0.0	1267
PR/RT-356	01_AE.CN.2005.Fj055.EF036527.M	86.99	1107	137	3	1	1106	1	1101	0.0	1266
PR/RT-356	01_AE.SG.2003.BAA161420.AY870227.-	86.90	1107	138	3	1	1106	1	1101	0.0	1266
PR/RT-356	01_AE.TH.-.G21.AF280772.-	87.00	1108	135	5	1	1106	1	1101	0.0	1266
PR/RT-356	01_AE.SE.2001.01SE_21951.AY165265.-	86.71	1106	140	3	1	1105	1	1100	0.0	1266
PR/RT-356	01_AE.TH.-.THG20.AF193889.-	87.00	1108	135	5	1	1106	1	1101	0.0	1266
PR/RT-356	01_AE.FR.1995.95FR_MP38.AJ287043.-	86.99	1107	137	3	1	1106	1	1101	0.0	1266
PR/RT-356	01_AE.TH.-.G44.AF238250.-	87.00	1108	135	5	1	1106	1	1101	0.0	1266
PR/RT-356	01_AE.TH.-.G54.AF240381.-	86.99	1107	137	3	1	1106	1	1101	0.0	1266
PR/RT-356	01_AE.TH.1993.93TH054.AB220945.-	86.99	1107	137	3	1	1106	1	1101	0.0	1266
PR/RT-356	01_AE.TH.2000.00TH_C2257.AY945717.F	86.99	1107	137	3	1	1106	1	1101	0.0	1266
PR/RT-356	01_AE.TH.-.P2.AF345956.-	86.98	1106	137	3	1	1105	1	1100	0.0	1266
PR/RT-356	01_AE.VN.1997.97VNHCM343.FJ185243.-	86.99	1107	137	3	1	1106	1	1101	0.0	1266
PR/RT-356	01_AE.TH.-.PYX.AF345976.-	86.99	1107	137	3	1	1106	1	1101	0.0	1266
PR/RT-356	01_AE.TH.-.G90.AF280787.-	87.00	1108	135	5	1	1106	1	1101	0.0	1266
PR/RT-356	01_AE.SG.2003.BAA161416.AY870225.-	86.63	1107	141	3	1	1106	1	1101	0.0	1264
PR/RT-356	01_AE.CA.-.patient_6240.DQ385889.-	86.63	1107	141	3	1	1106	1	1101	0.0	1264
PR/RT-356	01_AE.CN.2007.07LN184.FJ531435.-	86.89	1106	140	1	1	1106	1	1101	0.0	1264
PR/RT-356	01_AE.CN.2006.06CN_YUN01_11.AM886187.F	86.90	1107	138	3	1	1106	1	1101	0.0	1262
PR/RT-356	01_AE.TH.2000.00TH_C3347.AY945721.F	86.90	1107	138	3	1	1106	1	1101	0.0	1262
PR/RT-356	01_AE.PH.2012.12031860.AB747512.M	86.90	1107	138	3	1	1106	1	1101	0.0	1260
PR/RT-356	01_AE.TH.1993.93TH051.AB220944.-	86.90	1107	138	3	1	1106	1	1101	0.0	1260
PR/RT-356	01_AE.TH.-.P102.AF345970.-	86.91	1108	136	5	1	1106	1	1101	0.0	1260
PR/RT-356	01_AE.SG.2003.BAA161402.AY870215.-	86.81	1107	139	3	1	1106	1	1101	0.0	1260
PR/RT-356	01_AE.TH.1990.CM235.AF259954.M	86.90	1107	138	3	1	1106	1	1101	0.0	1260
PR/RT-356	01_AE.SG.2003.BAA148358.AY870144.-	86.63	1107	141	3	1	1106	1	1101	0.0	1260
PR/RT-356	01_AE.VN.1997.97VNHCM310.FJ185240.-	86.90	1107	138	3	1	1106	1	1101	0.0	1260
PR/RT-356	01_AE.TH.2001.01TH_R2184.AY945730.F	86.90	1107	138	3	1	1106	1	1101	0.0	1260
PR/RT-356	01_AE.CN.2005.FJ051.DQ859178.M	86.90	1107	138	3	1	1106	1	1101	0.0	1260
PR/RT-356	01_AE.TH.1993.93TH065.AB220948.-	86.90	1107	138	3	1	1106	1	1101	0.0	1260
PR/RT-356	01_AE.VN.1997.97VNAG218.FJ185255.-	86.90	1107	138	3	1	1106	1	1101	0.0	1260
PR/RT-356	01_AE.SG.2003.BAA157667.AY870173.-	86.81	1107	139	3	1	1106	1	1101	0.0	1260
PR/RT-465	01_AE.CA.-.6343.DQ380549.-	89.48	989	102	2	10	997	1	988	0.0	1267
PR/RT-465	01_AE.JP.2010.C10-20953312-1.AB864308.-	89.49	990	100	4	10	997	1	988	0.0	1266
PR/RT-465	01_AE.JP.2006.C06-2066315-1.AB864045.-	88.37	989	113	2	10	997	1	988	0.0	1201
PR/RT-465	01_AE.JP.2007.C07-2066338-1.AB864079.-	88.28	990	112	4	10	997	1	988	0.0	1195
PR/RT-465	01_AE.TH.-.P45.AF345963.-	88.17	989	115	2	10	997	1	988	0.0	1190
PR/RT-465	01_AE.TH.-.GEN5WK1.AF191203.-	88.17	989	115	2	10	997	1	988	0.0	1190
PR/RT-465	01_AE.TH.-.P35.AF345962.-	88.08	990	114	4	10	997	1	988	0.0	1188
PR/RT-465	01_AE.TH.-.045133.AF191195.-	88.07	989	116	2	10	997	1	988	0.0	1184
PR/RT-465	01_AE.TH.1996.M114.DQ354117.F	88.07	989	116	2	10	997	1	988	0.0	1184
PR/RT-465	01_AE.SG.2003.BAA161401.AY870214.-	87.87	989	118	2	10	997	1	988	0.0	1181
PR/RT-465	01_AE.TH.-.G27.AF193895.-	87.98	990	115	4	10	997	1	988	0.0	1179
PR/RT-465	01_AE.CD.2002.02CD_KP180.AM040989.-	87.96	988	119	0	10	997	1	988	0.0	1179
PR/RT-465	01_AE.MM.1999.mCSW105.AB097872.F	87.97	989	117	2	10	997	1	988	0.0	1179
PR/RT-465	01_AE.TH.-.G61.AF240387.-	87.97	989	117	2	10	997	1	988	0.0	1179
PR/RT-465	01_AE.VN.1997.97VNHCM343.FJ185243.-	87.97	989	117	2	10	997	1	988	0.0	1179
PR/RT-465	01_AE.SG.2003.BAA161381.AY870197.-	87.77	989	119	2	10	997	1	988	0.0	1179
PR/RT-465	01_AE.TH.-.GEN5WK4.AF191204.-	87.97	989	117	2	10	997	1	988	0.0	1179
PR/RT-465	01_AE.HK.2004.HK001.DQ234790.-	87.97	989	117	2	10	997	1	988	0.0	1179
PR/RT-465	01_AE.TH.-.P11.AF345957.-	87.97	989	117	2	10	997	1	988	0.0	1179
PR/RT-465	01_AE.GA.2000.00GAB_16M.AJ313417.-	87.89	991	114	6	10	997	1	988	0.0	1177
PR/RT-465	01_AE.KR.2006.BJH_003.EF157859.-	87.68	990	118	4	10	997	1	988	0.0	1177
PR/RT-465	01_AE.TH.-.G90.AF280787.-	87.88	990	116	4	10	997	1	988	0.0	1177
PR/RT-465	01_AE.VN.1997.97VNAG204.FJ185247.-	87.87	989	118	2	10	997	1	988	0.0	1173
PR/RT-465	01_AE.CN.2007.CYM005.EU921956.-	87.87	989	118	2	10	997	1	988	0.0	1173
PR/RT-465	01_AE.TH.1998.98TH_R1166.AY945728.F	87.87	989	118	2	10	997	1	988	0.0	1173
PR/RT-465	01_AE.SG.2003.BAA161392.AY870206.-	87.77	989	119	2	10	997	1	988	0.0	1173
PR/RT-465	01_AE.US.2000.00US_MSC1164.AY444804.M	87.85	988	120	0	10	997	1	988	0.0	1173
PR/RT-465	01_AE.TH.-.045127.AF191193.-	87.87	989	118	2	10	997	1	988	0.0	1173
PR/RT-465	01_AE.TH.-.045108.AF191189.-	87.87	989	118	2	10	997	1	988	0.0	1173
PR/RT-465	01_AE.CN.-.SZDR73.EU854463.-	87.78	990	117	4	10	997	1	988	0.0	1171
PR/RT-465	01_AE.SE.2001.01SE_21951.AY165265.-	87.46	989	122	2	10	997	1	988	0.0	1171
PR/RT-465	01_AE.TH.2000.00TH_C2101.AY945716.F	87.77	989	119	2	10	997	1	988	0.0	1171
PR/RT-465	01_AE.JP.2008.C08-2066416-1.AB864131.-	87.78	990	117	4	10	997	1	988	0.0	1170
PR/RT-465	01_AE.TH.1999.99TH_NI1052.AY713423.-	87.77	989	119	2	10	997	1	988	0.0	1168
PR/RT-465	01_AE.JP.-.DR6824.AB253426.-	87.78	990	117	4	10	997	1	988	0.0	1168
PR/RT-465	01_AE.TH.-.P123.AF345972.-	87.77	989	119	2	10	997	1	988	0.0	1168
PR/RT-465	01_AE.TH.-.G21.AF280772.-	87.77	989	119	2	10	997	1	988	0.0	1168
PR/RT-465	01_AE.CN.2005.Fj057.EF036530.F	87.75	988	121	0	10	997	1	988	0.0	1168
PR/RT-465	01_AE.TH.-.THG20.AF193889.-	87.77	989	119	2	10	997	1	988	0.0	1168
PR/RT-465	01_AE.FR.1995.95FR_MP38.AJ287043.-	87.77	989	119	2	10	997	1	988	0.0	1168
PR/RT-465	01_AE.TH.-.G54.AF240381.-	87.77	989	119	2	10	997	1	988	0.0	1168
PR/RT-465	01_AE.TH.-.GEN16.AF191200.-	87.77	989	119	2	10	997	1	988	0.0	1168
PR/RT-465	01_AE.TH.1998.98TH_NP1251.AY713422.-	87.77	989	119	2	10	997	1	988	0.0	1168
PR/RT-465	01_AE.TH.1999.99TH_R3265.AY945732.F	87.77	989	119	2	10	997	1	988	0.0	1168
PR/RT-465	01_AE.CN.2005.Fj052.EF036528.M	87.78	990	117	4	10	997	1	988	0.0	1168
PR/RT-465	01_AE.SG.-.S07042.EU715193.-	87.77	989	119	2	10	997	1	988	0.0	1168
PR/RT-465	01_AE.TH.1993.93TH060.AB220946.-	87.77	989	119	2	10	997	1	988	0.0	1168
PR/RT-465	01_AE.SN.1998.98SN_MP1152.AJ287011.-	87.77	989	119	2	10	997	1	988	0.0	1168
PR/RT-465	01_AE.TH.-.26.AF345960.-	87.77	989	119	2	10	997	1	988	0.0	1168
PR/RT-465	01_AE.TH.-.G34.AF238243.-	87.68	990	118	4	10	997	1	988	0.0	1164
PR/RT-465	01_AE.CA.-.patient_6240.DQ385889.-	87.36	989	123	2	10	997	1	988	0.0	1164
PR/RT-465	01_AE.SG.2003.BAA148358.AY870144.-	87.46	989	122	2	10	997	1	988	0.0	1164
PR/RT-465	01_AE.ID.1993.ID12.AF447824.-	87.66	989	120	2	10	997	1	988	0.0	1164
PR/RT-465	01_AE.VN.1997.97VNAG214.FJ185253.-	87.66	989	120	2	10	997	1	988	0.0	1164
PR/RT-465	01_AE.TH.1993.93TH051.AB220944.-	87.66	989	120	2	10	997	1	988	0.0	1162
PR/RT-465	01_AE.SG.2003.BAA161410.AY870221.-	87.65	988	122	0	10	997	1	988	0.0	1162
PR/RT-465	01_AE.JP.2012.C12-0007_10629262-1.AB863981.-	87.66	989	120	2	10	997	1	988	0.0	1162
PR/RT-465	01_AE.SG.2007.S07030.EU715179.-	87.66	989	120	2	10	997	1	988	0.0	1162
PR/RT-465	01_AE.CN.2004.04CNLN77.EF122542.-	87.68	990	118	4	10	997	1	988	0.0	1162
PR/RT-465	01_AE.PH.2011.11042829.AB747470.-	87.68	990	118	4	10	997	1	988	0.0	1162
PR/RT-465	01_AE.VN.1997.97VNAG223.FJ185258.-	87.66	989	120	2	10	997	1	988	0.0	1162
PR/RT-465	01_AE.TH.-.G69.AF240393.-	87.66	989	120	2	10	997	1	988	0.0	1162
PR/RT-465	01_AE.SG.2007.S07035.EU715187.-	87.56	989	121	2	10	997	1	988	0.0	1162
PR/RT-465	01_AE.TH.2001.OUR647I.AY358056.M	87.66	989	120	2	10	997	1	988	0.0	1162
PR/RT-465	01_AE.CN.2002.02CNLN36.EF122521.-	87.65	988	122	0	10	997	1	988	0.0	1162
PR/RT-465	01_AE.TH.1999.OUR422I.AY358051.M	87.66	989	120	2	10	997	1	988	0.0	1162
PR/RT-465	01_AE.TH.-.P31.AF345961.-	87.66	989	120	2	10	997	1	988	0.0	1162
PR/RT-465	01_AE.TH.2001.OUR830I.AY358064.M	87.65	988	122	0	10	997	1	988	0.0	1162
PR/RT-465	01_AE.CN.2006.06CN_YUN01_18.AM886194.F	87.66	989	120	2	10	997	1	988	0.0	1162
PR/RT-465	01_AE.TH.-.045112.AF191190.-	87.66	989	120	2	10	997	1	988	0.0	1162
PR/RT-465	01_AE.TH.2001.OUR786I.AY358036.M	87.68	990	118	4	10	997	1	988	0.0	1162
PR/RT-465	01_AE.TH.1991.CM243.AF447828.M	87.66	989	120	2	10	997	1	988	0.0	1162
PR/RT-465	01_AE.VN.1997.97VNAG218.FJ185255.-	87.66	989	120	2	10	997	1	988	0.0	1162
PR/RT-465	01_AE.JP.2010.C10-20833345-1.AB864320.-	87.66	989	120	2	10	997	1	988	0.0	1162
PR/RT-465	01_AE.JP.2007.C07-20672254-1.AB864074.-	87.66	989	120	2	10	997	1	988	0.0	1162
PR/RT-465	01_AE.CN.2006.06CN_YUN01_43.AM886218.M	87.66	989	120	2	10	997	1	988	0.0	1162
PR/RT-465	01_AE.SG.2003.BAA161412.AY870222.-	87.46	989	122	2	10	997	1	988	0.0	1162
PR/RT-465	01_AE.SG.2003.BAA161446.AY870239.-	87.47	990	120	4	10	997	1	988	0.0	1160
PR/RT-465	01_AE.TH.-.CRF01_AE_Thai210.AY444228.-	87.46	989	122	2	10	997	1	988	0.0	1160
PR/RT-465	01_AE.JP.2004.A04_201019_1.AB640074.-	87.56	989	121	2	10	997	1	988	0.0	1160
PR/RT-510	01_AE.JP.2010.C10-20953312-1.AB864308.-	87.87	989	118	2	10	997	1	988	0.0	1194
PR/RT-510	01_AE.CA.-.6343.DQ380549.-	87.69	991	116	6	10	997	1	988	0.0	1179
PR/RT-510	01_AE.JP.2007.C07-2066338-1.AB864079.-	87.60	992	115	8	10	997	1	988	0.0	1168
PR/RT-510	01_AE.TH.-.P45.AF345963.-	87.08	991	122	6	10	997	1	988	0.0	1140
PR/RT-510	01_AE.TH.-.P60.AF345964.-	86.98	991	123	6	10	997	1	988	0.0	1133
PR/RT-510	01_AE.TH.-.045133.AF191195.-	86.98	991	123	6	10	997	1	988	0.0	1133
PR/RT-510	01_AE.TH.2001.OUR786I.AY358036.M	86.98	991	123	6	10	997	1	988	0.0	1133
PR/RT-510	01_AE.GA.2000.00GAB_16M.AJ313417.-	86.97	990	125	4	10	997	1	988	0.0	1133
PR/RT-510	01_AE.JP.2006.C06-2066315-1.AB864045.-	86.98	991	123	6	10	997	1	988	0.0	1131
PR/RT-510	01_AE.TH.-.G27.AF193895.-	86.87	990	126	4	10	997	1	988	0.0	1127
PR/RT-510	01_AE.SG.2003.BAA161420.AY870227.-	86.75	989	129	2	10	997	1	988	0.0	1127
PR/RT-510	01_AE.TH.2001.OUR674I.AY358038.M	86.88	991	124	6	10	997	1	988	0.0	1127
PR/RT-510	01_AE.VN.1997.97VNAG212.FJ185252.-	86.88	991	124	6	10	997	1	988	0.0	1127
PR/RT-510	01_AE.TH.-.GEN16.AF191200.-	86.90	992	122	8	10	997	1	988	0.0	1127
PR/RT-510	01_AE.VN.1997.97VNHCM343.FJ185243.-	86.88	991	124	6	10	997	1	988	0.0	1127
PR/RT-510	01_AE.SG.2003.BAA161381.AY870197.-	86.67	990	128	4	10	997	1	988	0.0	1125
PR/RT-510	01_AE.SG.2003.BAA161451.AY870244.-	86.75	989	129	2	10	997	1	988	0.0	1123
PR/RT-510	01_AE.TH.-.G43.AF238249.-	86.78	991	125	6	10	997	1	988	0.0	1122
PR/RT-510	01_AE.TH.-.P35.AF345962.-	86.77	990	127	4	10	997	1	988	0.0	1122
PR/RT-510	01_AE.TH.-.G42.AF238248.-	86.78	991	125	6	10	997	1	988	0.0	1122
PR/RT-510	01_AE.TH.-.G61.AF240387.-	86.78	991	125	6	10	997	1	988	0.0	1122
PR/RT-510	01_AE.TH.-.GEN5WK1.AF191203.-	86.78	991	125	6	10	997	1	988	0.0	1122
PR/RT-510	01_AE.TH.1994.POC30506.AF447817.M	86.69	992	124	8	10	997	1	988	0.0	1118
PR/RT-510	01_AE.TH.-.G55.AF240382.-	86.67	990	128	4	10	997	1	988	0.0	1116
PR/RT-510	01_AE.TH.-.GEN5WK4.AF191204.-	86.68	991	126	6	10	997	1	988	0.0	1116
PR/RT-510	01_AE.TH.-.G81.AF280781.-	86.65	989	130	2	10	997	1	988	0.0	1116
PR/RT-510	01_AE.CM.2003.CK22_35.AM279456.-	86.48	991	128	6	10	997	1	988	0.0	1116
PR/RT-510	01_AE.TH.-.P11.AF345957.-	86.68	991	126	6	10	997	1	988	0.0	1116
PR/RT-510	01_AE.SG.2003.BAA161440.AY870236.-	86.57	990	129	4	10	997	1	988	0.0	1114
PR/RT-510	01_AE.TH.-.G88.AF280785.-	86.65	989	130	2	10	997	1	988	0.0	1114
PR/RT-510	01_AE.BE.2003.hEhFJ8bijOIHUzR.EU248567.-	86.59	992	125	8	10	997	1	988	0.0	1112
PR/RT-510	01_AE.JP.2008.C08-2066416-1.AB864131.-	86.57	990	129	4	10	997	1	988	0.0	1112
PR/RT-510	01_AE.TH.1997.97TH_NP1525.AY713420.-	86.58	991	127	6	10	997	1	988	0.0	1112
PR/RT-510	01_AE.ID.1993.ID12.AF447824.-	86.58	991	127	6	10	997	1	988	0.0	1112
PR/RT-510	01_AE.VN.1997.97VNAG214.FJ185253.-	86.58	991	127	6	10	997	1	988	0.0	1112
PR/RT-510	01_AE.VN.1997.97VNAG204.FJ185247.-	86.58	991	127	6	10	997	1	988	0.0	1110
PR/RT-510	01_AE.SE.2001.01SE_21951.AY165265.-	86.48	991	128	6	10	997	1	988	0.0	1110
PR/RT-510	01_AE.TH.-.G69.AF240393.-	86.58	991	127	6	10	997	1	988	0.0	1110
PR/RT-510	01_AE.TH.2000.00TH_C2101.AY945716.F	86.57	990	129	4	10	997	1	988	0.0	1110
PR/RT-510	01_AE.CD.2002.02CD_KP180.AM040989.-	86.58	991	127	5	10	997	1	988	0.0	1110
PR/RT-510	01_AE.TH.2000.OUR595I.AY358052.M	86.59	992	125	8	10	997	1	988	0.0	1110
PR/RT-510	01_AE.TH.-.G64.AF240389.-	86.57	990	129	4	10	997	1	988	0.0	1110
PR/RT-510	01_AE.TH.1999.99TH_R3265.AY945732.F	86.58	991	127	6	10	997	1	988	0.0	1110
PR/RT-510	01_AE.TH.-.045112.AF191190.-	86.58	991	127	6	10	997	1	988	0.0	1110
PR/RT-510	01_AE.TH.1996.M114.DQ354117.F	86.58	991	127	6	10	997	1	988	0.0	1110
PR/RT-510	01_AE.KR.2006.BJH_003.EF157859.-	86.38	991	129	6	10	997	1	988	0.0	1110
PR/RT-510	01_AE.SN.1998.98SN_MP1152.AJ287011.-	86.58	991	127	6	10	997	1	988	0.0	1110
PR/RT-510	01_AE.CN.2006.06CN_YUN01_43.AM886218.M	86.58	991	127	6	10	997	1	988	0.0	1110
PR/RT-510	01_AE.SG.2003.BAA161412.AY870222.-	86.38	991	129	6	10	997	1	988	0.0	1110
PR/RT-510	01_AE.TH.1998.98TH_R1166.AY945728.F	86.61	993	123	8	10	997	1	988	0.0	1109
PR/RT-510	01_AE.SG.2003.BAA161377.AY870193.-	86.16	990	133	4	10	997	1	988	0.0	1107
PR/RT-510	01_AE.JP.2011.A11-2010138-1.AB863861.-	86.51	993	124	8	10	997	1	988	0.0	1107
PR/RT-510	01_AE.JP.-.DR6824.AB253426.-	86.49	992	126	8	10	997	1	988	0.0	1105
PR/RT-510	01_AE.CN.-.SZDR73.EU854463.-	86.48	991	128	6	10	997	1	988	0.0	1105
PR/RT-510	01_AE.TH.-.G21.AF280772.-	86.48	991	128	6	10	997	1	988	0.0	1105
PR/RT-510	01_AE.CN.2004.04CNLN77.EF122542.-	86.49	992	126	8	10	997	1	988	0.0	1105
PR/RT-510	01_AE.TH.-.G36.AF238245.-	86.46	990	130	4	10	997	1	988	0.0	1105
PR/RT-510	01_AE.TH.-.THG20.AF193889.-	86.48	991	128	6	10	997	1	988	0.0	1105
PR/RT-510	01_AE.CN.2002.02CNLN36.EF122521.-	86.45	989	132	2	10	997	1	988	0.0	1105
PR/RT-510	01_AE.FR.1995.95FR_MP38.AJ287043.-	86.51	993	124	9	10	997	1	988	0.0	1105
PR/RT-510	01_AE.TH.-.G54.AF240381.-	86.48	991	128	6	10	997	1	988	0.0	1105
PR/RT-510	01_AE.TH.-.045127.AF191193.-	86.48	991	128	6	10	997	1	988	0.0	1105
PR/RT-510	01_AE.VN.1997.97VNHCM310.FJ185240.-	86.48	991	128	6	10	997	1	988	0.0	1105
PR/RT-510	01_AE.TH.2000.OUR810I.AY358063.M	86.48	991	128	6	10	997	1	988	0.0	1105
PR/RT-510	01_AE.JP.2007.C07-2066336-1.AB864078.-	86.46	990	130	4	10	997	1	988	0.0	1105
PR/RT-510	01_AE.VN.1997.97VNAG216.FJ185254.-	86.48	991	128	6	10	997	1	988	0.0	1105
PR/RT-510	01_AE.TH.-.42368.AF447835.-	86.48	991	128	6	10	997	1	988	0.0	1105
PR/RT-510	01_AE.CN.2006.06CN_YUN01_18.AM886194.F	86.46	990	130	4	10	997	1	988	0.0	1105
PR/RT-510	01_AE.TH.1993.93TH060.AB220946.-	86.48	991	128	6	10	997	1	988	0.0	1105
PR/RT-510	01_AE.JP.2010.C10-20833345-1.AB864320.-	86.46	990	130	4	10	997	1	988	0.0	1105
PR/RT-510	01_AE.PH.2011.11042829.AB747470.-	86.51	993	124	8	10	997	1	988	0.0	1103
PR/RT-510	01_AE.TH.-.G45.AF238251.-	86.51	993	124	8	10	997	1	988	0.0	1103
PR/RT-510	01_AE.PH.2011.11117492.AB747499.-	86.51	993	124	8	10	997	1	988	0.0	1103
PR/RT-510	01_AE.TH.-.P12.AF345958.-	86.48	991	128	6	10	997	1	988	0.0	1103
PR/RT-510	01_AE.JP.2004.A04_201019_1.AB640074.-	86.38	991	129	6	10	997	1	988	0.0	1103
PR/RT-510	01_AE.PH.2012.12031759.AB747505.-	86.49	992	126	6	10	997	1	988	0.0	1103
PR/RT-510	01_AE.HK.2004.HK001.DQ234790.-	86.51	993	124	8	10	997	1	988	0.0	1103
PR/RT-510	01_AE.CZ.-.52293PL25.EU672578.-	86.35	989	133	2	10	997	1	988	0.0	1101
PR/RT-510	01_AE.CZ.-.52293PL22.DQ975124.-	86.35	989	133	2	10	997	1	988	0.0	1101
PR/RT-510	01_AE.SG.2003.BAA148357.AY870143.-	86.38	991	129	6	10	997	1	988	0.0	1101
PR/RT-574	01_AE.JP.2010.C10-20953312-1.AB864308.-	89.23	1105	112	3	1	1104	1	1099	0.0	1410
PR/RT-574	01_AE.CA.-.6343.DQ380549.-	88.78	1105	117	3	1	1104	1	1099	0.0	1384
PR/RT-574	01_AE.JP.2006.C06-2066315-1.AB864045.-	88.05	1105	125	3	1	1104	1	1099	0.0	1332
PR/RT-574	01_AE.TH.-.GEN5WK1.AF191203.-	88.05	1105	125	3	1	1104	1	1099	0.0	1332
PR/RT-574	01_AE.TH.-.G27.AF193895.-	88.07	1106	123	5	1	1104	1	1099	0.0	1330
PR/RT-574	01_AE.TH.-.045133.AF191195.-	87.96	1105	126	3	1	1104	1	1099	0.0	1327
PR/RT-574	01_AE.TH.-.G21.AF280772.-	87.88	1106	125	5	1	1104	1	1099	0.0	1321
PR/RT-574	01_AE.TH.-.THG20.AF193889.-	87.88	1106	125	5	1	1104	1	1099	0.0	1321
PR/RT-574	01_AE.TH.-.P35.AF345962.-	87.87	1105	127	3	1	1104	1	1099	0.0	1321
PR/RT-574	01_AE.TH.-.G61.AF240387.-	87.87	1105	127	3	1	1104	1	1099	0.0	1321
PR/RT-574	01_AE.TH.-.P45.AF345963.-	87.87	1105	127	3	1	1104	1	1099	0.0	1321
PR/RT-574	01_AE.TH.-.GEN5WK4.AF191204.-	87.87	1105	127	3	1	1104	1	1099	0.0	1321
PR/RT-574	01_AE.TH.-.GEN16.AF191200.-	87.79	1106	126	5	1	1104	1	1099	0.0	1319
PR/RT-574	01_AE.VN.1997.97VNAG214.FJ185253.-	87.78	1105	128	3	1	1104	1	1099	0.0	1317
PR/RT-574	01_AE.BE.2003.2kt4QRmIN7aV8iv.EU248334.-	87.69	1105	129	3	1	1104	1	1099	0.0	1315
PR/RT-574	01_AE.TH.1998.98TH_R1166.AY945728.F	87.78	1105	128	3	1	1104	1	1099	0.0	1315
PR/RT-574	01_AE.TH.2001.OUR786I.AY358036.M	87.78	1105	128	3	1	1104	1	1099	0.0	1315
PR/RT-574	01_AE.TH.-.045098.AF187037.-	87.70	1106	127	5	1	1104	1	1099	0.0	1312
PR/RT-574	01_AE.ID.1993.ID12.AF447824.-	87.69	1105	129	3	1	1104	1	1099	0.0	1312
PR/RT-574	01_AE.KR.2006.BJH_003.EF157859.-	87.51	1105	131	3	1	1104	1	1099	0.0	1312
PR/RT-574	01_AE.CZ.2001.86655PL1.AY694329.-	87.71	1107	125	7	1	1104	1	1099	0.0	1312
PR/RT-574	01_AE.TH.2001.OUR674I.AY358038.M	87.69	1105	129	3	1	1104	1	1099	0.0	1310
PR/RT-574	01_AE.SG.2003.BAA161446.AY870239.-	87.60	1105	130	3	1	1104	1	1099	0.0	1310
PR/RT-574	01_AE.TH.-.G45.AF238251.-	87.70	1106	127	5	1	1104	1	1099	0.0	1310
PR/RT-574	01_AE.VN.1997.97VNAG212.FJ185252.-	87.69	1105	129	3	1	1104	1	1099	0.0	1310
PR/RT-574	01_AE.TH.-.P31.AF345961.-	87.70	1106	127	5	1	1104	1	1099	0.0	1310
PR/RT-574	01_AE.TH.2000.00TH_C2257.AY945717.F	87.69	1105	129	3	1	1104	1	1099	0.0	1310
PR/RT-574	01_AE.VN.1997.97VNHCM343.FJ185243.-	87.69	1105	129	3	1	1104	1	1099	0.0	1310
PR/RT-574	01_AE.TH.-.P11.AF345957.-	87.69	1105	129	3	1	1104	1	1099	0.0	1310
PR/RT-574	01_AE.TH.2001.OUR788I.AY358068.M	87.69	1105	129	3	1	1104	1	1099	0.0	1308
PR/RT-574	01_AE.JP.2007.C07-2066336-1.AB864078.-	87.68	1104	131	1	1	1104	1	1099	0.0	1308
PR/RT-574	01_AE.TH.1996.M114.DQ354117.F	87.69	1105	129	3	1	1104	1	1099	0.0	1308
PR/RT-574	01_AE.JP.2007.C07-2066338-1.AB864079.-	87.71	1107	125	7	1	1104	1	1099	0.0	1308
PR/RT-574	01_AE.TH.1994.POC30506.AF447817.M	87.64	1108	124	9	1	1104	1	1099	0.0	1308
PR/RT-574	01_AE.SG.2003.BAA161402.AY870215.-	87.51	1105	131	3	1	1104	1	1099	0.0	1306
PR/RT-574	01_AE.VN.1997.97VNHCM310.FJ185240.-	87.60	1105	130	3	1	1104	1	1099	0.0	1306
PR/RT-574	01_AE.TH.-.045112.AF191190.-	87.60	1105	130	3	1	1104	1	1099	0.0	1306
PR/RT-574	01_AE.TH.-.P123.AF345972.-	87.60	1105	130	3	1	1104	1	1099	0.0	1304
PR/RT-574	01_AE.CN.2004.04CNLN77.EF122542.-	87.61	1106	128	5	1	1104	1	1099	0.0	1304
PR/RT-574	01_AE.JP.2007.C07-2066348-1.AB864085.-	87.59	1104	132	1	1	1104	1	1099	0.0	1304
PR/RT-574	01_AE.FR.1995.95FR_MP38.AJ287043.-	87.60	1105	130	3	1	1104	1	1099	0.0	1304
PR/RT-574	01_AE.TH.-.G54.AF240381.-	87.60	1105	130	3	1	1104	1	1099	0.0	1304
PR/RT-574	01_AE.US.2000.00US_MSC1164.AY444804.M	87.59	1104	132	1	1	1104	1	1099	0.0	1304
PR/RT-574	01_AE.VN.1997.97VNAG218.FJ185255.-	87.60	1105	130	3	1	1104	1	1099	0.0	1304
PR/RT-574	01_AE.CN.2006.06CN_YUN01_43.AM886218.M	87.60	1105	130	3	1	1104	1	1099	0.0	1304
PR/RT-574	01_AE.TH.-.G90.AF280787.-	87.60	1105	130	3	1	1104	1	1099	0.0	1304
PR/RT-574	01_AE.JP.2008.C08-2066416-1.AB864131.-	87.52	1106	129	5	1	1104	1	1099	0.0	1303
PR/RT-574	01_AE.JP.2010.C10-20833345-1.AB864320.-	87.61	1106	128	5	1	1104	1	1099	0.0	1303
PR/RT-574	01_AE.DK.2000.3_bPI_failure.AM933274.-	87.51	1105	131	3	1	1104	1	1099	0.0	1301
PR/RT-574	01_AE.SG.2003.BAA161395.AY870209.-	87.59	1104	128	5	1	1102	1	1097	0.0	1301
PR/RT-574	01_AE.VN.1997.97VNHCM302.FJ185238.-	87.51	1105	131	3	1	1104	1	1099	0.0	1301
PR/RT-574	01_AE.JP.-.DR6824.AB253426.-	87.51	1105	131	3	1	1104	1	1099	0.0	1299
PR/RT-574	01_AE.TH.-.G36.AF238245.-	87.50	1104	133	1	1	1104	1	1099	0.0	1299
PR/RT-574	01_AE.TH.-.G50.AF240377.-	87.53	1107	127	7	1	1104	1	1099	0.0	1299
PR/RT-574	01_AE.CN.2002.02CNLN36.EF122521.-	87.50	1104	133	1	1	1104	1	1099	0.0	1299
PR/RT-574	01_AE.TH.-.045127.AF191193.-	87.51	1105	131	3	1	1104	1	1099	0.0	1299
PR/RT-574	01_AE.CN.2006.06CN_YUN01_18.AM886194.F	87.51	1105	131	3	1	1104	1	1099	0.0	1299
PR/RT-574	01_AE.TH.1999.OUR008I.AY358065.-	87.51	1105	131	3	1	1104	1	1099	0.0	1299
PR/RT-574	01_AE.TH.1993.93TH060.AB220946.-	87.51	1105	131	3	1	1104	1	1099	0.0	1299
PR/RT-574	01_AE.SG.2003.BAA161412.AY870222.-	87.24	1105	134	3	1	1104	1	1099	0.0	1299
PR/RT-574	01_AE.TH.2000.00TH_C3347.AY945721.F	87.52	1106	129	5	1	1104	1	1099	0.0	1299
PR/RT-574	01_AE.CN.2007.CYM005.EU921956.-	87.51	1105	131	3	1	1104	1	1099	0.0	1297
PR/RT-574	01_AE.SG.2003.BAA161392.AY870206.-	87.33	1105	133	3	1	1104	1	1099	0.0	1297
PR/RT-574	01_AE.VN.1997.97VNAG216.FJ185254.-	87.51	1105	131	3	1	1104	1	1099	0.0	1297
PR/RT-574	01_AE.TH.-.42368.AF447835.-	87.43	1106	130	5	1	1104	1	1099	0.0	1297
PR/RT-574	01_AE.TH.-.G30.AF193896.-	87.50	1104	129	5	1	1102	1	1097	0.0	1295
PR/RT-574	01_AE.SG.2003.BAA148356.AY870142.-	87.42	1105	132	3	1	1104	1	1099	0.0	1295
PR/RT-574	01_AE.VN.1997.97VNHCM303.FJ185239.-	87.42	1105	132	3	1	1104	1	1099	0.0	1295
PR/RT-574	01_AE.CN.2007.07LN184.FJ531435.-	87.41	1104	134	1	1	1104	1	1099	0.0	1295
PR/RT-574	01_AE.VN.1998.98VNBG7.FJ185231.-	87.43	1106	130	5	1	1104	1	1099	0.0	1295
PR/RT-574	01_AE.VN.1997.97VNAG204.FJ185247.-	87.42	1105	132	3	1	1104	1	1099	0.0	1293
PR/RT-574	01_AE.VN.1997.97VNHCM314.FJ185241.-	87.43	1106	130	5	1	1104	1	1099	0.0	1293
PR/RT-574	01_AE.TH.1993.93TH054.AB220945.-	87.43	1106	130	5	1	1104	1	1099	0.0	1293
PR/RT-574	01_AE.TH.1999.99TH_R3265.AY945732.F	87.42	1105	132	3	1	1104	1	1099	0.0	1293
PR/RT-574	01_AE.TH.2000.OUR810I.AY358063.M	87.42	1105	132	3	1	1104	1	1099	0.0	1293
PR/RT-574	01_AE.TH.-.P2.AF345956.-	87.43	1106	130	5	1	1104	1	1099	0.0	1293
PR/RT-574	01_AE.CN.2002.02CNLN39.EF122592.-	87.44	1107	128	7	1	1104	1	1099	0.0	1293
PR/RT-574	01_AE.SG.2003.BAA157667.AY870173.-	87.33	1105	133	3	1	1104	1	1099	0.0	1293
PR/RT-574	01_AE.JP.2007.C07-20672254-1.AB864074.-	87.42	1105	132	3	1	1104	1	1099	0.0	1293
PR/RT-574	01_AE.TH.-.26.AF345960.-	87.42	1105	132	3	1	1104	1	1099	0.0	1293
PR/RT-618	01_AE.CA.-.6343.DQ380549.-	88.02	1102	128	4	1	1100	1	1100	0.0	1351
PR/RT-618	01_AE.JP.2010.C10-20953312-1.AB864308.-	87.28	1101	138	2	1	1100	1	1100	0.0	1308
PR/RT-618	01_AE.TH.-.P35.AF345962.-	87.10	1101	140	2	1	1100	1	1100	0.0	1290
PR/RT-618	01_AE.BE.2003.2kt4QRmIN7aV8iv.EU248334.-	87.01	1101	141	2	1	1100	1	1100	0.0	1288
PR/RT-618	01_AE.TH.-.GEN5WK1.AF191203.-	87.01	1101	141	2	1	1100	1	1100	0.0	1284
PR/RT-618	01_AE.JP.2008.C08-2066416-1.AB864131.-	86.92	1101	142	2	1	1100	1	1100	0.0	1280
PR/RT-618	01_AE.SG.2003.BAA161381.AY870197.-	86.65	1101	145	2	1	1100	1	1100	0.0	1275
PR/RT-618	01_AE.US.2000.00US_MSC1164.AY444804.M	86.82	1100	145	0	1	1100	1	1100	0.0	1273
PR/RT-618	01_AE.JP.2006.C06-2066315-1.AB864045.-	86.83	1101	143	2	1	1100	1	1100	0.0	1273
PR/RT-618	01_AE.TH.-.P45.AF345963.-	86.84	1102	141	4	1	1100	1	1100	0.0	1273
PR/RT-618	01_AE.TH.-.GEN5WK4.AF191204.-	86.83	1101	143	2	1	1100	1	1100	0.0	1273
PR/RT-618	01_AE.TH.-.26.AF345960.-	86.74	1101	144	2	1	1100	1	1100	0.0	1269
PR/RT-618	01_AE.TH.-.045133.AF191195.-	86.74	1101	144	2	1	1100	1	1100	0.0	1267
PR/RT-618	01_AE.TH.-.P11.AF345957.-	86.74	1101	144	2	1	1100	1	1100	0.0	1267
PR/RT-618	01_AE.TH.-.G61.AF240387.-	86.74	1101	144	2	1	1100	1	1100	0.0	1266
PR/RT-618	01_AE.US.1998.98US_MSC2008.AY444805.M	86.64	1100	147	0	1	1100	1	1100	0.0	1264
PR/RT-618	01_AE.SI.2002.SI900_02.AJ971134.-	86.65	1101	145	2	1	1100	1	1100	0.0	1262
PR/RT-618	01_AE.TH.2000.00TH_C2101.AY945716.F	86.64	1100	147	0	1	1100	1	1100	0.0	1262
PR/RT-618	01_AE.TH.-.045127.AF191193.-	86.65	1101	145	2	1	1100	1	1100	0.0	1262
PR/RT-618	01_AE.CN.2008.GZ0801.FJ752417.M	86.67	1103	143	4	1	1101	1	1101	0.0	1262
PR/RT-618	01_AE.CN.2005.Fj052.EF036528.M	86.65	1101	145	2	1	1100	1	1100	0.0	1262
PR/RT-618	01_AE.TH.-.045112.AF191190.-	86.65	1101	145	2	1	1100	1	1100	0.0	1262
PR/RT-618	01_AE.TH.-.045108.AF191189.-	86.65	1101	145	2	1	1100	1	1100	0.0	1262
PR/RT-618	01_AE.CN.2006.06CN_YUN01_27.AM886203.F	86.56	1101	146	2	1	1100	1	1100	0.0	1262
PR/RT-618	01_AE.TH.-.G90.AF280787.-	86.65	1101	145	2	1	1100	1	1100	0.0	1262
PR/RT-618	01_AE.CN.2005.Fj055.EF036527.M	86.65	1101	145	2	1	1100	1	1100	0.0	1260
PR/RT-618	01_AE.PH.2012.12031810.AB747510.-	86.66	1102	143	4	1	1100	1	1100	0.0	1260
PR/RT-618	01_AE.TH.-.P31.AF345961.-	86.57	1102	146	2	1	1101	1	1101	0.0	1258
PR/RT-618	01_AE.TH.-.G27.AF193895.-	86.57	1102	144	4	1	1100	1	1100	0.0	1256
PR/RT-618	01_AE.TH.-.P123.AF345972.-	86.56	1101	146	2	1	1100	1	1100	0.0	1256
PR/RT-618	01_AE.TH.-.G36.AF238245.-	86.55	1100	148	0	1	1100	1	1100	0.0	1256
PR/RT-618	01_AE.TH.2000.OUR721I.AY358067.M	86.56	1101	146	2	1	1100	1	1100	0.0	1256
PR/RT-618	01_AE.FR.1995.95FR_MP38.AJ287043.-	86.56	1101	146	2	1	1100	1	1100	0.0	1256
PR/RT-618	01_AE.CN.2006.06CN_YUN01_18.AM886194.F	86.55	1100	148	0	1	1100	1	1100	0.0	1256
PR/RT-618	01_AE.TH.2001.OUR786I.AY358036.M	86.56	1101	146	2	1	1100	1	1100	0.0	1256
PR/RT-618	01_AE.JP.2010.C10-20833345-1.AB864320.-	86.57	1102	144	4	1	1100	1	1100	0.0	1256
PR/RT-618	01_AE.CM.2006.Cameroon_10.FJ688216.-	86.18	1100	152	0	1	1100	1	1100	0.0	1254
PR/RT-618	01_AE.SE.2000.00SE_19889.AY165239.-	86.12	1102	149	4	1	1100	1	1100	0.0	1254
PR/RT-618	01_AE.CD.2002.02CD_KP180.AM040989.-	86.48	1102	145	4	1	1100	1	1100	0.0	1253
PR/RT-618	01_AE.TH.-.G45.AF238251.-	86.48	1102	145	4	1	1100	1	1100	0.0	1253
PR/RT-618	01_AE.ID.1993.ID12.AF447824.-	86.47	1101	147	2	1	1100	1	1100	0.0	1253
PR/RT-618	01_AE.KR.2006.BJH_003.EF157859.-	86.30	1102	147	4	1	1100	1	1100	0.0	1253
PR/RT-618	01_AE.SG.2003.BAA161412.AY870222.-	86.29	1101	149	2	1	1100	1	1100	0.0	1253
PR/RT-618	01_AE.TH.-.P60.AF345964.-	86.49	1103	143	6	1	1100	1	1100	0.0	1251
PR/RT-618	01_AE.TH.-.P102.AF345970.-	86.48	1102	145	4	1	1100	1	1100	0.0	1251
PR/RT-618	01_AE.JP.2010.C10-20673203-1.AB864284.-	86.43	1098	147	2	1	1097	1	1097	0.0	1251
PR/RT-618	01_AE.TH.2001.OUR674I.AY358038.M	86.47	1101	147	2	1	1100	1	1100	0.0	1251
PR/RT-618	01_AE.TH.-.G21.AF280772.-	86.47	1101	147	2	1	1100	1	1100	0.0	1251
PR/RT-618	01_AE.TH.-.THG20.AF193889.-	86.47	1101	147	2	1	1100	1	1100	0.0	1251
PR/RT-618	01_AE.JP.2007.C07-2066348-1.AB864085.-	86.45	1100	149	0	1	1100	1	1100	0.0	1251
PR/RT-618	01_AE.TH.1999.OUR422I.AY358051.M	86.47	1101	147	2	1	1100	1	1100	0.0	1251
PR/RT-618	01_AE.VN.1997.97VNAG212.FJ185252.-	86.47	1101	147	2	1	1100	1	1100	0.0	1251
PR/RT-618	01_AE.TH.-.GEN16.AF191200.-	86.47	1101	147	2	1	1100	1	1100	0.0	1251
PR/RT-618	01_AE.DK.1996.3_bPI_pre.AM933273.-	86.19	1101	150	2	1	1100	1	1100	0.0	1251
PR/RT-618	01_AE.TH.1998.98TH_NP1251.AY713422.-	86.47	1101	147	2	1	1100	1	1100	0.0	1251
PR/RT-618	01_AE.TH.2000.OUR810I.AY358063.M	86.47	1101	147	2	1	1100	1	1100	0.0	1251
PR/RT-618	01_AE.VN.1997.97VNHCM343.FJ185243.-	86.47	1101	147	2	1	1100	1	1100	0.0	1251
PR/RT-618	01_AE.TH.1993.93TH060.AB220946.-	86.47	1101	147	2	1	1100	1	1100	0.0	1251
PR/RT-618	01_AE.TH.1996.M114.DQ354117.F	86.47	1101	147	2	1	1100	1	1100	0.0	1251
PR/RT-618	01_AE.VN.1997.97VNAG218.FJ185255.-	86.47	1101	147	2	1	1100	1	1100	0.0	1251
PR/RT-618	01_AE.JP.2007.C07-2066338-1.AB864079.-	86.48	1102	145	4	1	1100	1	1100	0.0	1251
PR/RT-618	01_AE.PH.2012.12031759.AB747505.-	86.45	1100	149	0	1	1100	1	1100	0.0	1251
PR/RT-618	01_AE.SG.2003.BAA157667.AY870173.-	86.38	1101	148	2	1	1100	1	1100	0.0	1251
PR/RT-618	01_AE.TH.-.G22.AF193890.-	86.47	1101	147	2	1	1100	1	1100	0.0	1251
PR/RT-618	01_AE.TH.2000.00TH_C3347.AY945721.F	86.49	1103	143	6	1	1100	1	1100	0.0	1251
PR/RT-618	01_AE.SE.2000.00SE_19382.AY165184.-	86.47	1101	147	2	1	1100	1	1100	0.0	1249
PR/RT-618	01_AE.IT.2000.s03_937.AY368986.-	86.39	1102	146	4	1	1100	1	1100	0.0	1249
PR/RT-618	01_AE.SG.2003.BAA148363.AY870148.-	85.91	1100	155	0	1	1100	1	1100	0.0	1249
PR/RT-618	01_AE.TH.-.CRF01_AE_Thai208.AY444226.-	86.38	1101	148	2	1	1100	1	1100	0.0	1249
PR/RT-618	01_AE.VN.1997.97VNAG201.FJ185245.-	86.39	1102	146	4	1	1100	1	1100	0.0	1247
PR/RT-618	01_AE.SE.2001.01SE_21951.AY165265.-	86.10	1101	151	2	1	1100	1	1100	0.0	1247
PR/RT-618	01_AE.JP.2010.C10-20923217-1.AB864287.-	86.39	1102	146	4	1	1100	1	1100	0.0	1247
PR/RT-618	01_AE.DK.2000.3_bPI_failure.AM933274.-	86.38	1101	148	2	1	1100	1	1100	0.0	1247
PR/RT-618	01_AE.CN.2007.07LN184.FJ531435.-	86.36	1100	150	0	1	1100	1	1100	0.0	1247
PR/RT-618	01_AE.VN.1997.97VNAG214.FJ185253.-	86.38	1101	148	2	1	1100	1	1100	0.0	1247
PR/RT-618	01_AE.CN.2006.06CN_YUN01_17.AM886193.M	86.38	1101	148	2	1	1100	1	1100	0.0	1247
PR/RT-618	01_AE.TH.1999.99TH_NI1052.AY713423.-	86.38	1101	148	2	1	1100	1	1100	0.0	1245
PR/RT-618	01_AE.JP.1993.93JP_NH1.AB052995.M	86.38	1101	148	2	1	1100	1	1100	0.0	1245
PR/RT-618	01_AE.TH.-.G24.AF193892.-	86.38	1101	148	2	1	1100	1	1100	0.0	1245
PR/RT-618	01_AE.VN.1997.97VNAG223.FJ185258.-	86.38	1101	148	2	1	1100	1	1100	0.0	1245
PR/RT-762	01_AE.JP.2010.C10-20953312-1.AB864308.-	89.41	1105	110	3	3	1106	3	1101	0.0	1411
PR/RT-762	01_AE.CA.-.6343.DQ380549.-	88.87	1105	116	3	3	1106	3	1101	0.0	1378
PR/RT-762	01_AE.TH.-.P45.AF345963.-	88.43	1106	119	5	3	1106	3	1101	0.0	1345
PR/RT-762	01_AE.CN.2006.06CN_YUN01_25.AM886201.F	88.32	1104	124	1	3	1106	3	1101	0.0	1339
PR/RT-762	01_AE.TH.-.G21.AF280772.-	88.24	1105	123	3	3	1106	3	1101	0.0	1334
PR/RT-762	01_AE.TH.-.THG20.AF193889.-	88.24	1105	123	3	3	1106	3	1101	0.0	1334
PR/RT-762	01_AE.TH.-.P35.AF345962.-	88.24	1105	123	3	3	1106	3	1101	0.0	1334
PR/RT-762	01_AE.TH.-.GEN5WK1.AF191203.-	88.24	1105	123	3	3	1106	3	1101	0.0	1334
PR/RT-762	01_AE.CM.2006.Cameroon_10.FJ688216.-	87.86	1104	129	1	3	1106	3	1101	0.0	1332
PR/RT-762	01_AE.JP.2008.C08-2066416-1.AB864131.-	88.14	1105	124	3	3	1106	3	1101	0.0	1330
PR/RT-762	01_AE.VN.1997.97VNAG204.FJ185247.-	88.16	1106	122	5	3	1106	3	1101	0.0	1328
PR/RT-762	01_AE.SG.2003.BAA157667.AY870173.-	88.05	1105	125	3	3	1106	3	1101	0.0	1328
PR/RT-762	01_AE.TH.-.G90.AF280787.-	88.16	1106	122	5	3	1106	3	1101	0.0	1328
PR/RT-762	01_AE.SG.2003.BAA161381.AY870197.-	87.87	1105	127	3	3	1106	3	1101	0.0	1325
PR/RT-762	01_AE.SG.2003.BAA161446.AY870239.-	87.97	1106	124	5	3	1106	3	1101	0.0	1323
PR/RT-762	01_AE.FR.1995.95FR_MP38.AJ287043.-	88.05	1105	125	3	3	1106	3	1101	0.0	1323
PR/RT-762	01_AE.SG.2006.S07004.EU715178.-	87.97	1106	124	5	3	1106	3	1101	0.0	1323
PR/RT-762	01_AE.VN.1997.97VNHCM343.FJ185243.-	88.05	1105	125	3	3	1106	3	1101	0.0	1323
PR/RT-762	01_AE.TH.-.GEN5WK4.AF191204.-	88.05	1105	125	3	3	1106	3	1101	0.0	1323
PR/RT-762	01_AE.JP.2007.C07-2066338-1.AB864079.-	88.07	1106	123	5	3	1106	3	1101	0.0	1321
PR/RT-762	01_AE.SG.2007.S07020.EU715194.-	87.90	1107	123	7	3	1106	3	1101	0.0	1319
PR/RT-762	01_AE.CN.2005.FJ051.DQ859178.M	88.07	1106	123	5	3	1106	3	1101	0.0	1319
PR/RT-762	01_AE.SG.2007.S07050.EU715223.-	87.97	1106	124	5	3	1106	3	1101	0.0	1317
PR/RT-762	01_AE.VN.2007.07VNHPA218ata.FJ007215.M	88.08	1099	122	5	3	1099	3	1094	0.0	1317
PR/RT-762	01_AE.JP.2006.C06-2066315-1.AB864045.-	87.96	1105	126	3	3	1106	3	1101	0.0	1317
PR/RT-762	01_AE.CZ.2001.86655PL1.AY694329.-	88.00	1108	120	9	3	1106	3	1101	0.0	1317
PR/RT-762	01_AE.SG.2003.BAA161401.AY870214.-	87.78	1105	128	3	3	1106	3	1101	0.0	1315
PR/RT-762	01_AE.SG.2003.BAA161399.AY870212.-	87.69	1105	129	3	3	1106	3	1101	0.0	1315
PR/RT-762	01_AE.TH.-.G36.AF238245.-	87.95	1104	128	1	3	1106	3	1101	0.0	1314
PR/RT-762	01_AE.SG.2007.S07035.EU715187.-	87.78	1105	128	3	3	1106	3	1101	0.0	1314
PR/RT-762	01_AE.ID.1993.ID12.AF447824.-	87.87	1105	127	3	3	1106	3	1101	0.0	1314
PR/RT-762	01_AE.VN.1997.97VNAG214.FJ185253.-	87.87	1105	127	3	3	1106	3	1101	0.0	1314
PR/RT-762	01_AE.JP.2010.C10-20673302-1.AB864303.-	87.87	1105	127	3	3	1106	3	1101	0.0	1314
PR/RT-762	01_AE.TH.-.P123.AF345972.-	87.87	1105	127	3	3	1106	3	1101	0.0	1312
PR/RT-762	01_AE.TH.-.G69.AF240393.-	87.88	1106	125	5	3	1106	3	1101	0.0	1312
PR/RT-762	01_AE.TH.2000.00TH_C2101.AY945716.F	87.86	1104	129	1	3	1106	3	1101	0.0	1312
PR/RT-762	01_AE.VN.1997.97VNAG212.FJ185252.-	87.88	1106	125	5	3	1106	3	1101	0.0	1312
PR/RT-762	01_AE.US.2000.00US_MSC1164.AY444804.M	87.86	1104	129	1	3	1106	3	1101	0.0	1312
PR/RT-762	01_AE.TH.2000.OUR810I.AY358063.M	87.87	1105	127	3	3	1106	3	1101	0.0	1312
PR/RT-762	01_AE.CN.2006.06CN_YUN01_18.AM886194.F	87.86	1104	129	1	3	1106	3	1101	0.0	1312
PR/RT-762	01_AE.TH.-.G61.AF240387.-	87.87	1105	127	3	3	1106	3	1101	0.0	1312
PR/RT-762	01_AE.TH.-.045108.AF191189.-	87.87	1105	127	3	3	1106	3	1101	0.0	1312
PR/RT-762	01_AE.TH.2001.OUR786I.AY358036.M	87.87	1105	127	3	3	1106	3	1101	0.0	1312
PR/RT-762	01_AE.SG.2003.BAA161398.AY870211.-	87.87	1105	127	3	3	1106	3	1101	0.0	1312
PR/RT-762	01_AE.SG.2007.S07047.EU715221.-	87.87	1105	127	3	3	1106	3	1101	0.0	1312
PR/RT-762	01_AE.TH.-.P11.AF345957.-	87.88	1106	125	5	3	1106	3	1101	0.0	1312
PR/RT-762	01_AE.TH.-.26.AF345960.-	87.88	1106	125	5	3	1106	3	1101	0.0	1312
PR/RT-762	01_AE.JP.2012.C12-20933733-1.AB864456.-	87.86	1104	129	1	3	1106	3	1101	0.0	1310
PR/RT-762	01_AE.TH.-.P102.AF345970.-	87.87	1105	127	3	3	1106	3	1101	0.0	1310
PR/RT-762	01_AE.JP.2007.C07-2066348-1.AB864085.-	87.87	1105	127	3	3	1106	3	1101	0.0	1310
PR/RT-762	01_AE.SG.2003.BAA161392.AY870206.-	87.69	1105	129	3	3	1106	3	1101	0.0	1310
PR/RT-762	01_AE.SG.2006.S07024.EU715181.-	87.69	1105	129	3	3	1106	3	1101	0.0	1310
PR/RT-762	01_AE.TH.-.P31.AF345961.-	87.98	1098	125	3	3	1099	3	1094	0.0	1310
PR/RT-762	01_AE.US.1998.98US_MSC2008.AY444805.M	87.87	1105	127	3	3	1106	3	1101	0.0	1310
PR/RT-762	01_AE.JP.-.DR6824.AB253426.-	87.78	1105	128	3	3	1106	3	1101	0.0	1306
PR/RT-762	01_AE.TH.2001.OUR674I.AY358038.M	87.78	1105	128	3	3	1106	3	1101	0.0	1306
PR/RT-762	01_AE.SG.2007.S07030.EU715179.-	87.78	1105	128	3	3	1106	3	1101	0.0	1306
PR/RT-762	01_AE.CF.1990.90CF11697.AF197340.-	87.79	1106	126	5	3	1106	3	1101	0.0	1306
PR/RT-762	01_AE.TH.-.045133.AF191195.-	87.78	1105	128	3	3	1106	3	1101	0.0	1306
PR/RT-762	01_AE.VN.1997.97VNAG223.FJ185258.-	87.78	1105	128	3	3	1106	3	1101	0.0	1306
PR/RT-762	01_AE.TH.-.G87.AF280784.-	87.77	1104	130	1	3	1106	3	1101	0.0	1306
PR/RT-762	01_AE.TH.1997.97TH_NP1525.AY713420.-	87.78	1105	128	3	3	1106	3	1101	0.0	1306
PR/RT-762	01_AE.TH.-.045098.AF187037.-	87.78	1105	128	3	3	1106	3	1101	0.0	1306
PR/RT-762	01_AE.CN.2002.02CNLN36.EF122521.-	87.78	1105	128	3	3	1106	3	1101	0.0	1306
PR/RT-762	01_AE.TH.2001.OUR788I.AY358068.M	87.78	1105	128	3	3	1106	3	1101	0.0	1306
PR/RT-762	01_AE.TH.1999.OUR422I.AY358051.M	87.78	1105	128	3	3	1106	3	1101	0.0	1306
PR/RT-762	01_AE.VN.2007.07VNHPA218ggg.FJ007214.M	87.91	1100	122	7	3	1099	3	1094	0.0	1306
PR/RT-762	01_AE.TH.-.CRF01_AE_Thai209.AY444227.-	87.60	1105	130	3	3	1106	3	1101	0.0	1306
PR/RT-762	01_AE.VN.1998.98VNHD11.FJ185234.-	87.79	1106	126	5	3	1106	3	1101	0.0	1306
PR/RT-762	01_AE.TH.1991.CM243.AF447828.M	87.78	1105	128	3	3	1106	3	1101	0.0	1306
PR/RT-762	01_AE.SG.2003.BAA161372.AY870190.-	87.41	1104	134	1	3	1106	3	1101	0.0	1306
PR/RT-762	01_AE.VN.1997.97VNAG218.FJ185255.-	87.78	1105	128	3	3	1106	3	1101	0.0	1306
PR/RT-762	01_AE.KR.2006.BJH_003.EF157859.-	87.61	1106	128	5	3	1106	3	1101	0.0	1306
PR/RT-762	01_AE.SN.1998.98SN_MP1152.AJ287011.-	87.79	1106	126	5	3	1106	3	1101	0.0	1306
PR/RT-762	01_AE.SG.2003.BAA161393.AY870207.-	87.69	1105	129	3	3	1106	3	1101	0.0	1304
PR/RT-762	01_AE.CN.2005.Fj057.EF036530.F	87.78	1105	128	3	3	1106	3	1101	0.0	1304
PR/RT-762	01_AE.SE.2001.01SE_21951.AY165265.-	87.53	1099	128	5	3	1099	3	1094	0.0	1304
PR/RT-762	01_AE.CN.2007.CYM005.EU921956.-	87.78	1105	128	3	3	1106	3	1101	0.0	1304
PR/RT-762	01_AE.SE.2000.00SE_19889.AY165239.-	87.16	1106	133	5	3	1106	3	1101	0.0	1304
PR/RT-762	01_AE.TH.2000.00TH_C2257.AY945717.F	87.79	1106	126	6	3	1106	3	1101	0.0	1304
PR/RT-894	01_AE.CA.-.6343.DQ380549.-	89.28	802	84	2	1	801	298	1098	0.0	1031
PR/RT-894	01_AE.CA.-.6343.DQ380549.-	90.88	296	27	0	1206	1501	1	296	1e-112	401
PR/RT-894	01_AE.JP.2010.C10-20953312-1.AB864308.-	88.65	802	89	2	1	801	298	1098	0.0	1000
PR/RT-894	01_AE.JP.2010.C10-20953312-1.AB864308.-	91.58	297	25	0	1206	1502	1	297	6e-116	412
PR/RT-894	01_AE.TH.-.P35.AF345962.-	87.92	803	94	3	1	801	297	1098	0.0	966
PR/RT-894	01_AE.TH.-.P35.AF345962.-	90.20	296	29	0	1206	1501	1	296	1e-108	388
PR/RT-894	01_AE.BE.2003.2kt4QRmIN7aV8iv.EU248334.-	87.81	804	93	5	1	801	297	1098	0.0	965
PR/RT-894	01_AE.BE.2003.2kt4QRmIN7aV8iv.EU248334.-	89.86	296	30	0	1206	1501	1	296	5e-107	383
PR/RT-894	01_AE.TH.-.GEN5WK1.AF191203.-	87.80	803	95	3	1	801	297	1098	0.0	961
PR/RT-894	01_AE.TH.-.GEN5WK1.AF191203.-	89.53	296	31	0	1206	1501	1	296	2e-105	377
PR/RT-894	01_AE.TH.-.G27.AF193895.-	87.73	799	96	2	4	801	301	1098	0.0	955
PR/RT-894	01_AE.TH.-.G27.AF193895.-	89.26	298	30	2	1206	1502	1	297	3e-104	374
PR/RT-894	01_AE.TH.-.G36.AF238245.-	87.64	801	99	0	1	801	298	1098	0.0	955
PR/RT-894	01_AE.TH.-.G36.AF238245.-	88.51	296	34	0	1206	1501	1	296	2e-100	361
PR/RT-894	01_AE.CD.2002.02CD_KP180.AM040989.-	87.66	802	98	1	1	801	297	1098	0.0	955
PR/RT-894	01_AE.CD.2002.02CD_KP180.AM040989.-	89.23	297	30	2	1206	1501	1	296	1e-103	372
PR/RT-894	01_AE.PH.2012.12031810.AB747510.-	87.67	803	96	3	1	801	297	1098	0.0	953
PR/RT-894	01_AE.PH.2012.12031810.AB747510.-	90.20	296	29	0	1206	1501	1	296	1e-108	388
PR/RT-894	01_AE.JP.-.DR6824.AB253426.-	87.55	803	97	3	1	801	297	1098	0.0	950
PR/RT-894	01_AE.JP.-.DR6824.AB253426.-	87.84	296	36	0	1206	1501	1	296	5e-97	350
PR/RT-894	01_AE.TH.-.P123.AF345972.-	87.55	803	97	3	1	801	297	1098	0.0	950
PR/RT-894	01_AE.TH.-.P123.AF345972.-	89.19	296	32	0	1206	1501	1	296	1e-103	372
PR/RT-894	01_AE.CN.2004.04CNLN77.EF122542.-	87.55	803	96	4	1	801	298	1098	0.0	950
PR/RT-894	01_AE.CN.2004.04CNLN77.EF122542.-	88.51	296	34	0	1206	1501	1	296	2e-100	361
PR/RT-894	01_AE.TH.-.045133.AF191195.-	87.55	803	97	3	1	801	297	1098	0.0	950
PR/RT-894	01_AE.TH.-.045133.AF191195.-	89.86	296	30	0	1206	1501	1	296	5e-107	383
PR/RT-894	01_AE.TH.-.G45.AF238251.-	87.55	803	97	3	1	801	297	1098	0.0	950
PR/RT-894	01_AE.TH.-.G45.AF238251.-	89.23	297	30	2	1206	1501	1	296	1e-103	372
PR/RT-894	01_AE.SG.2003.BAA150627.AY870159.-	87.42	803	98	3	1	801	297	1098	0.0	950
PR/RT-894	01_AE.SG.2003.BAA150627.AY870159.-	86.82	296	39	0	1206	1501	1	296	1e-93	339
PR/RT-894	01_AE.TH.2000.OUR810I.AY358063.M	87.55	803	97	3	1	801	297	1098	0.0	950
PR/RT-894	01_AE.TH.2000.OUR810I.AY358063.M	88.85	296	33	0	1206	1501	1	296	5e-102	366
PR/RT-894	01_AE.SG.2003.BAA161385.AY870201.-	87.55	803	97	3	1	801	297	1098	0.0	950
PR/RT-894	01_AE.SG.2003.BAA161385.AY870201.-	87.84	296	36	0	1206	1501	1	296	4e-98	353
PR/RT-894	01_AE.JP.2008.C08-2066416-1.AB864131.-	87.42	803	98	3	1	801	297	1098	0.0	946
PR/RT-894	01_AE.JP.2008.C08-2066416-1.AB864131.-	89.86	296	30	0	1206	1501	1	296	5e-107	383
PR/RT-894	01_AE.TH.-.VL510.AF280792.-	87.39	801	101	0	1	801	298	1098	0.0	944
PR/RT-894	01_AE.TH.-.VL510.AF280792.-	88.51	296	34	0	1206	1501	1	296	2e-100	361
PR/RT-894	01_AE.SE.2000.00SE_19889.AY165239.-	86.98	799	102	2	4	801	301	1098	0.0	944
PR/RT-894	01_AE.SE.2000.00SE_19889.AY165239.-	87.88	297	34	2	1206	1501	1	296	1e-98	355
PR/RT-894	01_AE.TH.2000.00TH_C2101.AY945716.F	87.41	802	100	1	1	801	297	1098	0.0	944
PR/RT-894	01_AE.TH.2000.00TH_C2101.AY945716.F	89.53	296	31	0	1206	1501	1	296	2e-105	377
PR/RT-894	01_AE.TH.2001.OUR788I.AY358068.M	87.42	803	98	3	1	801	297	1098	0.0	944
PR/RT-894	01_AE.TH.2001.OUR788I.AY358068.M	89.53	296	31	0	1206	1501	1	296	2e-105	377
PR/RT-894	01_AE.TH.-.GEN16.AF191200.-	87.42	803	98	3	1	801	297	1098	0.0	944
PR/RT-894	01_AE.TH.-.GEN16.AF191200.-	89.19	296	32	0	1206	1501	1	296	1e-103	372
PR/RT-894	01_AE.JP.2006.C06-2066315-1.AB864045.-	87.42	803	98	3	1	801	297	1098	0.0	944
PR/RT-894	01_AE.JP.2006.C06-2066315-1.AB864045.-	89.86	296	30	0	1206	1501	1	296	5e-107	383
PR/RT-894	01_AE.VN.1997.97VNHCM343.FJ185243.-	87.42	803	98	3	1	801	297	1098	0.0	944
PR/RT-894	01_AE.VN.1997.97VNHCM343.FJ185243.-	89.19	296	32	0	1206	1501	1	296	1e-103	372
PR/RT-894	01_AE.TH.-.P96.AF345969.-	87.42	803	98	3	1	801	297	1098	0.0	944
PR/RT-894	01_AE.TH.-.P96.AF345969.-	88.51	296	34	0	1206	1501	1	296	2e-100	361
PR/RT-894	01_AE.TH.-.G90.AF280787.-	87.42	803	98	3	1	801	297	1098	0.0	944
PR/RT-894	01_AE.TH.-.G90.AF280787.-	89.19	296	32	0	1206	1501	1	296	1e-103	372
PR/RT-894	01_AE.CN.2006.06CN_YUN01_27.AM886203.F	87.28	802	101	1	1	801	297	1098	0.0	941
PR/RT-894	01_AE.CN.2006.06CN_YUN01_27.AM886203.F	88.85	296	33	0	1206	1501	1	296	1e-102	368
PR/RT-894	01_AE.CN.2004.04CNLN62.EF122535.-	87.30	803	99	3	1	801	297	1098	0.0	939
PR/RT-894	01_AE.CN.2004.04CNLN62.EF122535.-	88.51	296	34	0	1206	1501	1	296	2e-100	361
PR/RT-894	01_AE.SG.2003.BAA161402.AY870215.-	87.30	803	99	3	1	801	297	1098	0.0	939
PR/RT-894	01_AE.SG.2003.BAA161402.AY870215.-	88.85	296	33	0	1206	1501	1	296	5e-102	366
PR/RT-894	01_AE.MM.1999.mCSW105.AB097872.F	87.30	803	99	3	1	801	297	1098	0.0	939
PR/RT-894	01_AE.MM.1999.mCSW105.AB097872.F	87.84	296	36	0	1206	1501	1	296	5e-97	350
PR/RT-894	01_AE.JP.2007.C07-2066348-1.AB864085.-	87.28	802	101	1	1	801	297	1098	0.0	939
PR/RT-894	01_AE.JP.2007.C07-2066348-1.AB864085.-	89.53	296	31	0	1206	1501	1	296	2e-105	377
PR/RT-894	01_AE.PH.2011.1102435.AB747434.-	87.36	799	99	2	4	801	301	1098	0.0	939
PR/RT-894	01_AE.PH.2011.1102435.AB747434.-	89.56	297	31	0	1206	1502	1	297	6e-106	379
PR/RT-894	01_AE.TH.1996.96TH_NI1149.AY713426.M	87.30	803	99	3	1	801	297	1098	0.0	939
PR/RT-894	01_AE.TH.1996.96TH_NI1149.AY713426.M	88.18	296	35	0	1206	1501	1	296	1e-98	355
PR/RT-894	01_AE.SG.-.S07042.EU715193.-	87.28	802	100	2	1	801	298	1098	0.0	939
PR/RT-894	01_AE.SG.-.S07042.EU715193.-	89.46	294	31	0	1206	1499	1	294	3e-104	374
PR/RT-894	01_AE.SG.2003.BAA161381.AY870197.-	87.17	803	100	3	1	801	297	1098	0.0	939
PR/RT-894	01_AE.SG.2003.BAA161381.AY870197.-	89.86	296	30	0	1206	1501	1	296	2e-105	377
PR/RT-894	01_AE.TH.-.045108.AF191189.-	87.30	803	99	3	1	801	297	1098	0.0	939
PR/RT-894	01_AE.TH.-.045108.AF191189.-	88.85	296	33	0	1206	1501	1	296	5e-102	366
PR/RT-894	01_AE.SG.2003.BAA148363.AY870148.-	86.78	802	105	1	1	801	297	1098	0.0	937
PR/RT-894	01_AE.SG.2003.BAA148363.AY870148.-	87.84	296	36	0	1206	1501	1	296	4e-98	353
PR/RT-894	01_AE.KR.2006.BJH_003.EF157859.-	87.05	803	101	3	1	801	297	1098	0.0	937
PR/RT-894	01_AE.KR.2006.BJH_003.EF157859.-	89.19	296	32	0	1206	1501	1	296	2e-105	377
PR/RT-894	01_AE.SG.2007.S07045.EU715192.-	87.16	802	102	1	1	801	297	1098	0.0	937
PR/RT-894	01_AE.SG.2007.S07045.EU715192.-	88.18	296	35	0	1206	1501	1	296	1e-98	355
PR/RT-894	01_AE.CM.2003.CK22_35.AM279456.-	87.06	804	99	5	1	801	297	1098	0.0	937
PR/RT-894	01_AE.CM.2003.CK22_35.AM279456.-	87.50	296	37	0	1206	1501	1	296	2e-96	348
PR/RT-894	01_AE.JP.2006.C06-2066296-1.AB864031.-	87.05	803	101	3	1	801	297	1098	0.0	937
PR/RT-894	01_AE.JP.2006.C06-2066296-1.AB864031.-	89.53	296	31	0	1206	1501	1	296	2e-105	377
PR/RT-894	01_AE.SG.2003.BAA150607.AY870152.-	87.16	802	102	1	1	801	297	1098	0.0	935
PR/RT-894	01_AE.SG.2003.BAA150607.AY870152.-	88.05	293	35	0	1206	1498	1	293	1e-98	355
PR/RT-894	01_AE.JP.2012.C12-20933733-1.AB864456.-	87.25	800	102	0	1	800	298	1097	0.0	935
PR/RT-894	01_AE.JP.2012.C12-20933733-1.AB864456.-	89.53	296	31	0	1206	1501	1	296	2e-105	377
PR/RT-894	01_AE.TH.-.P146.AF345975.-	87.19	804	98	5	1	801	297	1098	0.0	935
PR/RT-894	01_AE.TH.-.P146.AF345975.-	88.85	296	33	0	1206	1501	1	296	5e-102	366
PR/RT-894	01_AE.SG.2003.BAA157678.AY870183.-	87.17	803	100	3	1	801	297	1098	0.0	933
PR/RT-894	01_AE.SG.2003.BAA157678.AY870183.-	89.19	296	32	0	1206	1501	1	296	1e-103	372
PR/RT-894	01_AE.TH.-.G21.AF280772.-	87.17	803	100	3	1	801	297	1098	0.0	933
PR/RT-894	01_AE.TH.-.G21.AF280772.-	88.85	296	33	0	1206	1501	1	296	5e-102	366
PR/RT-894	01_AE.TH.-.THG20.AF193889.-	87.17	803	100	3	1	801	297	1098	0.0	933
PR/RT-894	01_AE.TH.-.THG20.AF193889.-	88.85	296	33	0	1206	1501	1	296	5e-102	366
PR/RT-894	01_AE.SG.2003.BAA161446.AY870239.-	87.05	803	101	3	1	801	297	1098	0.0	933
PR/RT-894	01_AE.SG.2003.BAA161446.AY870239.-	88.85	296	33	0	1206	1501	1	296	5e-102	366
PR/RT-894	01_AE.CN.2002.02CNLN36.EF122521.-	87.16	802	102	1	1	801	297	1098	0.0	933
PR/RT-894	01_AE.CN.2002.02CNLN36.EF122521.-	89.19	296	32	0	1206	1501	1	296	1e-103	372
PR/RT-894	01_AE.TH.2000.00TH_C4118.AY945722.F	87.17	803	100	3	1	801	297	1098	0.0	933
PR/RT-894	01_AE.TH.2000.00TH_C4118.AY945722.F	87.84	296	36	0	1206	1501	1	296	5e-97	350
PR/RT-894	01_AE.FR.1995.95FR_MP38.AJ287043.-	87.17	803	100	3	1	801	297	1098	0.0	933
PR/RT-894	01_AE.FR.1995.95FR_MP38.AJ287043.-	89.53	296	31	0	1206	1501	1	296	2e-105	377
PR/RT-894	01_AE.TH.2000.00TH_C4382.AY945725.M	87.23	799	100	2	4	801	301	1098	0.0	933
PR/RT-894	01_AE.TH.2000.00TH_C4382.AY945725.M	90.38	239	23	0	1206	1444	1	239	5e-87	316
PR/RT-894	01_AE.TH.-.G54.AF240381.-	87.17	803	100	3	1	801	297	1098	0.0	933
PR/RT-894	01_AE.TH.-.G54.AF240381.-	88.85	296	33	0	1206	1501	1	296	5e-102	366
PR/RT-894	01_AE.VN.1997.97VNAG212.FJ185252.-	87.17	803	100	3	1	801	297	1098	0.0	933
PR/RT-894	01_AE.VN.1997.97VNAG212.FJ185252.-	89.53	296	31	0	1206	1501	1	296	2e-105	377
PR/RT-894	01_AE.US.2000.00US_MSC1164.AY444804.M	87.16	802	102	1	1	801	297	1098	0.0	933
PR/RT-894	01_AE.US.2000.00US_MSC1164.AY444804.M	90.54	296	28	0	1206	1501	1	296	2e-110	394
PR/RT-894	01_AE.TH.-.045127.AF191193.-	87.17	803	100	3	1	801	297	1098	0.0	933
PR/RT-894	01_AE.TH.-.045127.AF191193.-	89.53	296	31	0	1206	1501	1	296	2e-105	377
PR/RT-894	01_AE.TH.-.G64.AF240389.-	87.17	803	100	3	1	801	297	1098	0.0	933
PR/RT-894	01_AE.TH.-.G64.AF240389.-	88.85	296	33	0	1206	1501	1	296	5e-102	366
PR/RT-894	01_AE.TH.1999.99TH_R3265.AY945732.F	87.17	803	100	3	1	801	297	1098	0.0	933
PR/RT-894	01_AE.TH.1999.99TH_R3265.AY945732.F	88.85	296	33	0	1206	1501	1	296	5e-102	366
PR/RT-894	01_AE.CN.2006.06CN_YUN01_18.AM886194.F	87.16	802	102	1	1	801	297	1098	0.0	933
PR/RT-894	01_AE.CN.2006.06CN_YUN01_18.AM886194.F	89.86	296	30	0	1206	1501	1	296	5e-107	383
PR/RT-894	01_AE.CN.2007.07LN184.FJ531435.-	87.16	802	102	1	1	801	297	1098	0.0	933
PR/RT-894	01_AE.CN.2007.07LN184.FJ531435.-	88.51	296	34	0	1206	1501	1	296	6e-101	363
PR/RT-894	01_AE.CN.2005.FJ051.DQ859178.M	87.31	796	99	2	7	801	304	1098	0.0	933
PR/RT-894	01_AE.CN.2005.FJ051.DQ859178.M	88.22	297	35	0	1206	1502	1	297	3e-99	357
PR/RT-894	01_AE.TH.2001.OUR786I.AY358036.M	87.17	803	100	3	1	801	297	1098	0.0	933
PR/RT-894	01_AE.TH.2001.OUR786I.AY358036.M	90.20	296	29	0	1206	1501	1	296	1e-108	388
PR/RT-894	01_AE.JP.2012.C12-2066606-1.AB864497.-	87.17	803	100	3	1	801	297	1098	0.0	933
PR/RT-894	01_AE.JP.2012.C12-2066606-1.AB864497.-	88.18	296	35	0	1206	1501	1	296	3e-99	357
PR/RT-894	01_AE.SN.1998.98SN_MP1152.AJ287011.-	87.17	803	100	3	1	801	297	1098	0.0	933
PR/RT-894	01_AE.SN.1998.98SN_MP1152.AJ287011.-	88.18	296	35	0	1206	1501	1	296	1e-98	355
PR/RT-894	01_AE.TH.-.P11.AF345957.-	87.17	803	100	3	1	801	297	1098	0.0	933
PR/RT-894	01_AE.TH.-.P11.AF345957.-	90.20	296	29	0	1206	1501	1	296	1e-108	388
PR/RT-894	01_AE.TH.-.26.AF345960.-	87.17	803	100	3	1	801	297	1098	0.0	933
PR/RT-894	01_AE.TH.-.26.AF345960.-	89.86	296	30	0	1206	1501	1	296	5e-107	383
PR/RT-894	01_AE.BE.2003.8nf9dssG18J03a2.EU248507.-	86.94	804	100	5	1	801	297	1098	0.0	931
PR/RT-894	01_AE.BE.2003.8nf9dssG18J03a2.EU248507.-	86.87	297	37	2	1206	1501	1	296	5e-92	333
PR/RT-894	01_AE.SG.2003.BAA161393.AY870207.-	87.19	796	100	2	7	801	304	1098	0.0	931
PR/RT-894	01_AE.SG.2003.BAA161393.AY870207.-	87.54	297	37	0	1206	1502	1	297	5e-97	350
PR/RT-894	01_AE.JP.2012.C12-20833830-1.AB864484.-	87.06	804	99	5	1	801	297	1098	0.0	931
PR/RT-894	01_AE.JP.2012.C12-20833830-1.AB864484.-	87.54	297	35	2	1206	1501	1	296	1e-97	351
PR/RT-894	01_AE.TH.1999.OUR422I.AY358051.M	87.17	803	100	3	1	801	297	1098	0.0	931
PR/RT-894	01_AE.TH.1999.OUR422I.AY358051.M	88.51	296	34	0	1206	1501	1	296	2e-100	361
PR/RT-894	01_AE.SG.2003.BAA161395.AY870209.-	87.22	798	100	2	4	800	301	1097	0.0	931
PR/RT-894	01_AE.SG.2003.BAA161395.AY870209.-	88.22	297	35	0	1206	1502	1	297	3e-99	357
PR/RT-894	01_AE.JP.2007.C07-2066338-1.AB864079.-	87.17	803	99	4	1	801	298	1098	0.0	931
PR/RT-894	01_AE.JP.2007.C07-2066338-1.AB864079.-	90.88	296	27	0	1206	1501	1	296	5e-112	399
PR/RT-894	01_AE.SG.2007.S07035.EU715187.-	86.92	803	102	3	1	801	297	1098	0.0	929
PR/RT-894	01_AE.SG.2007.S07035.EU715187.-	89.86	296	30	0	1206	1501	1	296	1e-107	385
PR/RT-894	01_AE.SG.2003.BAA161412.AY870222.-	86.92	803	102	3	1	801	297	1098	0.0	929
PR/RT-894	01_AE.SG.2003.BAA161412.AY870222.-	89.19	296	32	0	1206	1501	1	296	2e-105	377
PR/RT-894	01_AE.CN.-.SZDR131.EU854469.-	87.03	802	103	1	1	801	297	1098	0.0	928
PR/RT-894	01_AE.CN.-.SZDR131.EU854469.-	88.51	296	34	0	1206	1501	1	296	2e-100	361
PR/RT-894	01_AE.IT.2000.Yan74.AY366537.-	86.67	803	104	3	1	801	297	1098	0.0	928
PR/RT-894	01_AE.IT.2000.Yan74.AY366537.-	87.54	297	35	2	1206	1501	1	296	2e-96	348
PR/RT-894	01_AE.TH.2001.OUR674I.AY358038.M	87.05	803	101	3	1	801	297	1098	0.0	928
PR/RT-894	01_AE.TH.2001.OUR674I.AY358038.M	90.20	296	29	0	1206	1501	1	296	1e-108	388
PR/RT-894	01_AE.CN.-.SZDR17.EU854454.-	87.05	803	101	3	1	801	297	1098	0.0	928
PR/RT-894	01_AE.CN.-.SZDR17.EU854454.-	88.85	296	33	0	1206	1501	1	296	5e-102	366
PR/RT-894	01_AE.TH.2001.OUR642I.AY358041.M	87.05	803	101	3	1	801	297	1098	0.0	928
PR/RT-894	01_AE.TH.2001.OUR642I.AY358041.M	88.18	296	35	0	1206	1501	1	296	1e-98	355
PR/RT-985	01_AE.JP.2010.C10-20953312-1.AB864308.-	88.32	1002	115	2	1	1001	4	1004	0.0	1247
PR/RT-985	01_AE.JP.2007.C07-2066338-1.AB864079.-	87.62	1002	122	2	1	1001	4	1004	0.0	1203
PR/RT-985	01_AE.CA.-.6343.DQ380549.-	87.43	1002	124	2	1	1001	4	1004	0.0	1197
PR/RT-985	01_AE.JP.2006.C06-2066315-1.AB864045.-	87.52	1002	123	2	1	1001	4	1004	0.0	1197
PR/RT-985	01_AE.SG.2006.S07018.EU715180.-	87.44	1003	122	4	1	1001	4	1004	0.0	1195
PR/RT-985	01_AE.SG.2007.S07030.EU715179.-	87.44	1003	122	4	1	1001	4	1004	0.0	1192
PR/RT-985	01_AE.TH.-.G36.AF238245.-	87.41	1001	126	0	1	1001	4	1004	0.0	1192
PR/RT-985	01_AE.SG.2007.S07035.EU715187.-	87.34	1003	123	4	1	1001	4	1004	0.0	1192
PR/RT-985	01_AE.CN.2005.Fj052.EF036528.M	87.44	1003	122	4	1	1001	4	1004	0.0	1192
PR/RT-985	01_AE.TH.-.GEN5WK1.AF191203.-	87.43	1002	124	2	1	1001	4	1004	0.0	1192
PR/RT-985	01_AE.SG.2003.BAA161408.AY870219.-	87.34	1003	123	4	1	1001	4	1004	0.0	1190
PR/RT-985	01_AE.KR.2006.BJH_003.EF157859.-	87.13	1002	127	2	1	1001	4	1004	0.0	1190
PR/RT-985	01_AE.US.2004.ARC-A32.EU711442.M	87.26	1005	120	8	1	1001	4	1004	0.0	1188
PR/RT-985	01_AE.CN.2006.06CN_YUN01_17.AM886193.M	87.33	1002	125	2	1	1001	4	1004	0.0	1188
PR/RT-985	01_AE.SG.2007.S07050.EU715223.-	87.34	1003	123	4	1	1001	4	1004	0.0	1186
PR/RT-985	01_AE.PH.2011.11128476.AB747503.-	87.33	1002	125	2	1	1001	4	1004	0.0	1186
PR/RT-985	01_AE.SG.2006.S07004.EU715178.-	87.24	1003	124	4	1	1001	4	1004	0.0	1186
PR/RT-985	01_AE.TH.-.GEN16.AF191200.-	87.33	1002	125	2	1	1001	4	1004	0.0	1186
PR/RT-985	01_AE.TH.-.P140.AF345973.-	87.33	1002	125	2	1	1001	4	1004	0.0	1186
PR/RT-985	01_AE.VN.1997.97VNHCM343.FJ185243.-	87.33	1002	125	2	1	1001	4	1004	0.0	1186
PR/RT-985	01_AE.TH.-.P11.AF345957.-	87.33	1002	125	2	1	1001	4	1004	0.0	1186
PR/RT-985	01_AE.TH.1999.OUR422I.AY358051.M	87.33	1002	125	2	1	1001	4	1004	0.0	1184
PR/RT-985	01_AE.PH.2012.12031810.AB747510.-	87.24	1003	124	4	1	1001	4	1004	0.0	1181
PR/RT-985	01_AE.CN.2005.Fj057.EF036530.F	87.24	1003	124	4	1	1001	4	1004	0.0	1181
PR/RT-985	01_AE.TH.-.VL510.AF280792.-	87.21	1001	128	0	1	1001	4	1004	0.0	1181
PR/RT-985	01_AE.TH.-.045127.AF191193.-	87.23	1002	126	2	1	1001	4	1004	0.0	1181
PR/RT-985	01_AE.JP.2007.C07-2066336-1.AB864078.-	87.21	1001	128	0	1	1001	4	1004	0.0	1181
PR/RT-985	01_AE.TH.2001.01TH_R2184.AY945730.F	87.23	1002	126	2	1	1001	4	1004	0.0	1181
PR/RT-985	01_AE.TH.1993.93TH060.AB220946.-	87.24	1003	124	4	1	1001	4	1004	0.0	1181
PR/RT-985	01_AE.TH.1996.M114.DQ354117.F	87.23	1002	126	2	1	1001	4	1004	0.0	1181
PR/RT-985	01_AE.TH.-.GEN5WK4.AF191204.-	87.23	1002	126	2	1	1001	4	1004	0.0	1181
PR/RT-985	01_AE.SG.2004.S07007.EU715184.-	87.24	1003	124	4	1	1001	4	1004	0.0	1181
PR/RT-985	01_AE.SG.2007.S07047.EU715221.-	87.24	1003	124	4	1	1001	4	1004	0.0	1181
PR/RT-985	01_AE.TH.2001.OUR647I.AY358056.M	87.24	1003	124	4	1	1001	4	1004	0.0	1179
PR/RT-985	01_AE.SG.2006.S07024.EU715181.-	87.04	1003	126	4	1	1001	4	1004	0.0	1179
PR/RT-985	01_AE.SG.2003.BAA161450.AY870243.-	87.23	1002	126	2	1	1001	4	1004	0.0	1179
PR/RT-985	01_AE.SG.2007.S07017.EU715191.-	87.13	1002	127	2	1	1001	4	1004	0.0	1177
PR/RT-985	01_AE.ID.1993.ID12.AF447824.-	87.13	1002	127	2	1	1001	4	1004	0.0	1177
PR/RT-985	01_AE.CM.2006.Cameroon_10.FJ688216.-	86.81	1001	132	0	1	1001	4	1004	0.0	1175
PR/RT-985	01_AE.CN.2005.Fj055.EF036527.M	87.13	1002	127	2	1	1001	4	1004	0.0	1175
PR/RT-985	01_AE.TH.2001.OUR674I.AY358038.M	87.13	1002	127	2	1	1001	4	1004	0.0	1175
PR/RT-985	01_AE.TH.-.G21.AF280772.-	87.13	1002	127	2	1	1001	4	1004	0.0	1175
PR/RT-985	01_AE.TH.-.045133.AF191195.-	87.13	1002	127	2	1	1001	4	1004	0.0	1175
PR/RT-985	01_AE.TH.-.THG20.AF193889.-	87.13	1002	127	2	1	1001	4	1004	0.0	1175
PR/RT-985	01_AE.SG.2007.S07020.EU715194.-	87.04	1003	126	4	1	1001	4	1004	0.0	1175
PR/RT-985	01_AE.TH.-.P35.AF345962.-	87.13	1002	127	2	1	1001	4	1004	0.0	1175
PR/RT-985	01_AE.CN.2002.02CNLN36.EF122521.-	87.11	1001	129	0	1	1001	4	1004	0.0	1175
PR/RT-985	01_AE.FR.1995.95FR_MP38.AJ287043.-	87.13	1002	127	2	1	1001	4	1004	0.0	1175
PR/RT-985	01_AE.VN.1997.97VNAG212.FJ185252.-	87.13	1002	127	2	1	1001	4	1004	0.0	1175
PR/RT-985	01_AE.US.2000.00US_MSC1164.AY444804.M	87.17	998	128	0	4	1001	7	1004	0.0	1175
PR/RT-985	01_AE.VN.1997.97VNHCM310.FJ185240.-	87.13	1002	127	2	1	1001	4	1004	0.0	1175
PR/RT-985	01_AE.SG.2006.S07025.EU715182.-	86.83	1002	130	2	1	1001	4	1004	0.0	1175
PR/RT-985	01_AE.TH.2000.00TH_C2257.AY945717.F	87.14	1003	125	4	1	1001	4	1004	0.0	1175
PR/RT-985	01_AE.CN.2006.06CN_YUN01_18.AM886194.F	87.11	1001	129	0	1	1001	4	1004	0.0	1175
PR/RT-985	01_AE.TH.-.P45.AF345963.-	87.13	1002	127	2	1	1001	4	1004	0.0	1175
PR/RT-985	01_AE.TH.-.045112.AF191190.-	87.13	1002	127	2	1	1001	4	1004	0.0	1175
PR/RT-985	01_AE.SG.2003.BAA161381.AY870197.-	86.93	1002	129	2	1	1001	4	1004	0.0	1175
PR/RT-985	01_AE.VN.1997.97VNHCM303.FJ185239.-	87.13	1002	127	2	1	1001	4	1004	0.0	1175
PR/RT-985	01_AE.TH.1991.CM243.AF447828.M	87.13	1002	127	2	1	1001	4	1004	0.0	1175
PR/RT-985	01_AE.GA.2000.00GAB_16M.AJ313417.-	87.13	1002	127	2	1	1001	4	1004	0.0	1175
PR/RT-985	01_AE.VN.1997.97VNHCM302.FJ185238.-	87.13	1002	127	2	1	1001	4	1004	0.0	1175
PR/RT-985	01_AE.TH.-.G90.AF280787.-	87.13	1002	127	2	1	1001	4	1004	0.0	1175
PR/RT-985	01_AE.TH.-.G27.AF193895.-	87.14	1003	125	4	1	1001	4	1004	0.0	1173
PR/RT-985	01_AE.SG.2003.BAA161446.AY870239.-	87.03	1002	128	2	1	1001	4	1004	0.0	1173
PR/RT-985	01_AE.TH.1998.98TH_R1166.AY945728.F	87.13	1002	127	2	1	1001	4	1004	0.0	1173
PR/RT-985	01_AE.SG.2003.BAA161372.AY870190.-	86.71	1001	133	0	1	1001	4	1004	0.0	1173
PR/RT-985	01_AE.SE.1998.98SE_14962.AY165194.-	87.13	1002	127	2	1	1001	4	1004	0.0	1173
PR/RT-985	01_AE.SE.2000.00SE_19889.AY165239.-	86.64	1003	130	4	1	1001	4	1004	0.0	1171
PR/RT-985	01_AE.SG.2007.S07045.EU715192.-	87.01	1001	130	0	1	1001	4	1004	0.0	1171
PR/RT-985	01_AE.TH.-.P60.AF345964.-	87.04	1003	126	4	1	1001	4	1004	0.0	1170
PR/RT-985	01_AE.TH.-.G34.AF238243.-	87.03	1002	128	2	1	1001	4	1004	0.0	1170
PR/RT-985	01_AE.SG.2007.S07052.EU715225.-	87.04	1003	126	4	1	1001	4	1004	0.0	1170
PR/RT-985	01_AE.CN.2006.06CN_YUN01_02.AM886179.F	87.03	1002	128	2	1	1001	4	1004	0.0	1170
PR/RT-985	01_AE.SG.2003.BAA157678.AY870183.-	87.03	1002	128	2	1	1001	4	1004	0.0	1170
PR/RT-985	01_AE.TH.-.P123.AF345972.-	87.03	1002	128	2	1	1001	4	1004	0.0	1170
PR/RT-985	01_AE.VN.1998.98VNND15.FJ185235.-	87.03	1002	128	2	1	1001	4	1004	0.0	1170
PR/RT-985	01_AE.CN.2007.CYM005.EU921956.-	87.03	1002	128	2	1	1001	4	1004	0.0	1170
PR/RT-985	01_AE.TH.2000.00TH_C2101.AY945716.F	87.01	1001	130	0	1	1001	4	1004	0.0	1170
PR/RT-985	01_AE.CN.2006.06CN_YUN01_03.AM886180.M	87.03	1002	128	2	1	1001	4	1004	0.0	1170
PR/RT-985	01_AE.JP.2007.C07-2066348-1.AB864085.-	87.03	1002	128	2	1	1001	4	1004	0.0	1170
